200,98,67,51,46,45,43,47,33,42,30,13,12,22,9,8,18,13,98,200,117,82,73,78,86,92,35,72,33,15,13,27,10,9,20,14,67,117,200,128,118,77,83,89,41,79,36,15,17,31,14,13,24,18,51,82,128,200,158,71,73,75,34,63,27,14,10,22,8,8,16,13,46,73,118,158,200,62,59,64,35,49,30,13,12,23,9,9,17,14,45,78,77,71,62,200,65,77,30,58,25,12,8,20,6,6,13,10,43,86,83,73,59,65,200,77,30,66,25,15,8,21,6,6,15,11,47,92,89,75,64,77,77,200,29,74,24,14,7,20,5,5,14,10,33,35,41,34,35,30,30,29,200,34,31,11,15,23,13,12,19,16,42,72,79,63,49,58,66,74,34,200,36,39,17,32,15,15,24,21,30,33,36,27,30,25,25,24,31,36,200,12,76,99,78,54,91,82,13,15,15,14,13,12,15,14,11,39,12,200,8,14,7,7,12,12,12,13,17,10,12,8,8,7,15,17,76,8,200,99,79,56,84,86,22,27,31,22,23,20,21,20,23,32,99,14,99,200,90,72,143,116,9,10,14,8,9,6,6,5,13,15,78,7,79,90,200,59,86,88,8,9,13,8,9,6,6,5,12,15,54,7,56,72,59,200,87,64,18,20,24,16,17,13,15,14,19,24,91,12,84,143,86,87,200,100,13,14,18,13,14,10,11,10,16,21,82,12,86,116,88,64,100,200
200,92,60,47,44,41,41,41,31,43,31,23,21,23,19,23,24,22,92,200,122,90,74,86,93,104,34,84,33,29,24,32,23,30,30,26,60,122,200,133,119,84,86,89,40,85,36,29,28,36,27,35,34,30,47,90,133,200,160,75,76,78,33,67,30,28,21,27,19,26,26,23,44,74,119,160,200,63,59,61,34,56,29,26,21,26,19,26,26,24,41,86,84,75,63,200,71,81,29,75,25,24,19,23,18,24,23,20,41,93,86,76,59,71,200,82,29,72,27,28,20,27,20,28,27,21,41,104,89,78,61,81,82,200,28,78,25,27,19,25,18,24,25,20,31,34,40,33,34,29,29,28,200,34,30,21,22,24,21,24,24,23,43,84,85,67,56,75,72,78,34,200,35,49,27,34,25,33,33,29,31,33,36,30,29,25,27,25,30,35,200,21,87,95,93,88,99,93,23,29,29,28,26,24,28,27,21,49,21,200,20,24,16,23,24,23,21,24,28,21,21,19,20,19,22,27,87,20,200,107,103,97,106,110,23,32,36,27,26,23,27,25,24,34,95,24,107,200,121,149,174,139,19,23,27,19,19,18,20,18,21,25,93,16,103,121,200,115,127,132,23,30,35,26,26,24,28,24,24,33,88,23,97,149,115,200,153,124,24,30,34,26,26,23,27,25,24,33,99,24,106,174,127,153,200,139,22,26,30,23,24,20,21,20,23,29,93,23,110,139,132,124,139,200
200,92,63,47,45,42,40,42,33,44,30,25,20,25,20,26,25,24,92,200,122,87,72,83,93,105,35,86,31,30,22,32,24,31,29,27,63,122,200,133,120,80,81,88,40,84,34,30,26,36,27,35,33,31,47,87,133,200,161,72,73,75,35,66,28,29,20,27,20,27,25,24,45,72,120,161,200,60,57,60,35,54,28,28,20,26,20,27,25,25,42,83,80,72,60,200,69,81,31,70,25,26,17,22,17,24,21,21,40,93,81,73,57,69,200,81,32,72,26,29,18,28,20,29,26,23,42,105,88,75,60,81,81,200,30,77,23,28,17,25,19,25,24,21,33,35,40,35,35,31,32,30,200,35,28,23,21,24,21,25,24,23,44,86,84,66,54,70,72,77,35,200,32,50,25,32,25,32,30,29,30,31,34,28,28,25,26,23,28,32,200,22,90,98,94,96,100,95,25,30,30,29,28,26,29,28,23,50,22,200,19,23,17,23,24,25,20,22,26,20,20,17,18,17,21,25,90,19,200,107,105,95,107,113,25,32,36,27,26,22,28,25,24,32,98,23,107,200,124,150,170,141,20,24,27,20,20,17,20,19,21,25,94,17,105,124,200,116,126,133,26,31,35,27,27,24,29,25,25,32,96,23,95,150,116,200,152,127,25,29,33,25,25,21,26,24,24,30,100,24,107,170,126,152,200,138,24,27,31,24,25,21,23,21,23,29,95,25,113,141,133,127,138,200
200,91,64,50,45,41,41,43,32,44,30,24,19,26,20,25,25,21,91,200,122,87,70,83,94,106,34,82,31,29,20,32,23,29,29,23,64,122,200,131,115,79,82,90,40,84,35,29,25,37,27,34,34,28,50,87,131,200,162,70,73,74,34,64,29,28,19,28,20,26,26,21,45,70,115,162,200,59,57,60,34,51,29,25,18,25,19,24,23,20,41,83,79,70,59,200,72,79,29,66,26,24,15,23,17,23,21,17,41,94,82,73,57,72,200,81,30,72,26,28,16,27,18,25,25,19,43,106,90,74,60,79,81,200,28,77,24,27,15,25,18,23,23,17,32,34,40,34,34,29,30,28,200,34,30,21,20,25,22,24,25,23,44,82,84,64,51,66,72,77,34,200,34,53,23,33,24,31,31,26,30,31,35,29,29,26,26,24,30,34,200,21,92,98,95,95,101,91,24,29,29,28,25,24,28,27,21,53,21,200,18,24,17,23,24,21,19,20,25,19,18,15,16,15,20,23,92,18,200,107,107,95,107,108,26,32,37,28,25,23,27,25,25,33,98,24,107,200,125,145,172,140,20,23,27,20,19,17,18,18,22,24,95,17,107,125,200,111,127,129,25,29,34,26,24,23,25,23,24,31,95,23,95,145,111,200,148,119,25,29,34,26,23,21,25,23,25,31,101,24,107,172,127,148,200,135,21,23,28,21,20,17,19,17,23,26,91,21,108,140,129,119,135,200
200,91,63,51,46,42,43,44,32,44,29,24,18,24,20,24,24,18,91,200,126,89,73,89,95,108,34,86,31,29,20,31,24,29,30,20,63,126,200,131,117,85,86,92,40,84,34,29,24,35,27,33,34,24,51,89,131,200,162,75,76,78,34,67,29,28,19,27,21,26,26,18,46,73,117,162,200,62,61,61,34,54,29,26,18,25,20,25,24,18,42,89,85,75,62,200,74,84,29,72,26,24,15,21,17,22,21,14,43,95,86,76,61,74,200,82,30,70,26,28,16,27,19,25,25,16,44,108,92,78,61,84,82,200,28,78,24,27,15,24,19,23,23,14,32,34,40,34,34,29,30,28,200,33,31,21,20,24,23,24,25,21,44,86,84,67,54,72,70,78,33,200,34,50,23,31,25,30,31,22,29,31,34,29,29,26,26,24,31,34,200,20,89,97,97,90,97,86,24,29,29,28,26,24,28,27,21,50,20,200,18,25,18,23,24,18,18,20,24,19,18,15,16,15,20,23,89,18,200,106,102,91,103,98,24,31,35,27,25,21,27,24,24,31,97,25,106,200,126,138,171,133,20,24,27,21,20,17,19,19,23,25,97,18,102,126,200,107,127,127,24,29,33,26,25,22,25,23,24,30,90,23,91,138,107,200,143,111,24,30,34,26,24,21,25,23,25,31,97,24,103,171,127,143,200,126,18,20,24,18,18,14,16,14,21,22,86,18,98,133,127,111,126,200
200,93,63,46,43,41,43,41,33,44,32,26,22,24,20,24,25,23,93,200,120,90,73,86,91,101,34,86,35,31,26,31,25,29,30,26,63,120,200,133,116,85,84,90,39,88,38,32,30,35,29,34,35,31,46,90,133,200,158,75,78,79,34,70,32,30,23,27,21,26,27,24,43,73,116,158,200,62,61,59,34,56,32,28,23,26,21,25,26,24,41,86,85,75,62,200,72,81,30,76,28,27,20,23,18,23,24,21,43,91,84,78,61,72,200,81,31,73,30,31,22,28,20,27,26,23,41,101,90,79,59,81,81,200,29,81,28,30,21,25,20,24,24,21,33,34,39,34,34,30,31,29,200,34,31,23,22,23,21,23,24,22,44,86,88,70,56,76,73,81,34,200,37,52,27,31,25,30,31,28,32,35,38,32,32,28,30,28,31,37,200,24,93,99,99,93,103,99,26,31,32,30,28,27,31,30,23,52,24,200,22,25,19,25,26,25,22,26,30,23,23,20,22,21,22,27,93,22,200,108,109,99,109,112,24,31,35,27,26,23,28,25,23,31,99,25,108,200,124,144,174,137,20,25,29,21,21,18,20,20,21,25,99,19,109,124,200,115,130,137,24,29,34,26,25,23,27,24,23,30,93,25,99,144,115,200,146,124,25,30,35,27,26,24,26,24,24,31,103,26,109,174,130,146,200,141,23,26,31,24,24,21,23,21,22,28,99,25,112,137,137,124,141,200
200,92,64,48,43,42,43,43,33,44,31,26,21,25,19,26,25,23,92,200,124,86,70,87,91,101,35,87,33,32,25,34,24,33,33,28,64,124,200,131,114,86,85,91,40,91,36,32,29,37,28,38,37,32,48,86,131,200,159,72,75,73,35,67,30,30,21,28,19,28,27,25,43,70,114,159,200,58,58,57,35,56,29,28,22,27,20,28,26,24,42,87,86,72,58,200,73,84,31,79,26,27,19,24,17,25,24,21,43,91,85,75,58,73,200,78,32,74,27,31,21,29,19,30,28,24,43,101,91,73,57,84,78,200,30,84,25,29,20,26,19,26,25,21,33,35,40,35,35,31,32,30,200,35,29,24,21,24,20,25,24,22,44,87,91,67,56,79,74,84,35,200,34,48,27,34,25,34,34,30,31,33,36,30,29,26,27,25,29,34,200,22,89,96,91,95,100,91,26,32,32,30,28,27,31,29,24,48,22,200,22,26,18,27,27,26,21,25,29,21,22,19,21,20,21,27,89,22,200,110,108,104,111,115,25,34,37,28,27,24,29,26,24,34,96,26,110,200,121,153,171,143,19,24,28,19,20,17,19,19,20,25,91,18,108,121,200,120,126,133,26,33,38,28,28,25,30,26,25,34,95,27,104,153,120,200,158,134,25,33,37,27,26,24,28,25,24,34,100,27,111,171,126,158,200,143,23,28,32,25,24,21,24,21,22,30,91,26,115,143,133,134,143,200
200,93,63,47,42,41,43,42,33,43,30,26,20,25,19,26,24,23,93,200,125,88,67,87,95,101,35,85,32,32,24,34,24,33,31,28,63,125,200,131,112,90,90,92,39,88,35,32,28,37,28,38,35,32,47,88,131,200,156,74,77,74,35,67,29,30,20,28,19,28,25,25,42,67,112,156,200,59,58,55,35,54,28,28,21,27,20,28,25,24,41,87,90,74,59,200,75,84,31,79,25,27,18,24,17,25,23,21,43,95,90,77,58,75,200,79,32,73,27,31,20,29,19,30,26,24,42,101,92,74,55,84,79,200,30,83,24,29,19,26,19,26,23,21,33,35,39,35,35,31,32,30,200,35,28,24,21,24,20,25,24,22,43,85,88,67,54,79,73,83,35,200,32,49,25,33,24,33,31,29,30,32,35,29,28,25,27,24,28,32,200,22,90,95,90,94,99,89,26,32,32,30,28,27,31,29,24,49,22,200,21,26,18,27,25,25,20,24,28,20,21,18,20,19,21,25,90,21,200,114,110,106,113,116,25,34,37,28,27,24,29,26,24,33,95,26,114,200,124,155,172,142,19,24,28,19,20,17,19,19,20,24,90,18,110,124,200,121,127,135,26,33,38,28,28,25,30,26,25,33,94,27,106,155,121,200,157,132,24,31,35,25,25,23,26,23,24,31,99,25,113,172,127,157,200,140,23,28,32,25,24,21,24,21,22,29,89,25,116,142,135,132,140,200
200,90,62,46,41,40,42,41,32,43,31,27,20,24,18,25,23,24,90,200,121,86,67,86,94,101,32,85,33,33,24,32,23,32,29,29,62,121,200,132,113,84,86,86,36,85,36,33,28,35,27,37,33,33,46,86,132,200,157,75,75,72,32,67,30,31,20,26,18,27,23,26,41,67,113,157,200,58,56,54,32,53,29,29,21,26,19,27,23,25,40,86,84,75,58,200,74,84,28,77,26,28,18,23,16,25,21,22,42,94,86,75,56,74,200,79,29,73,28,32,20,27,18,29,25,25,41,101,86,72,54,84,79,200,27,82,25,30,19,24,18,25,21,22,32,32,36,32,32,28,29,27,200,32,29,24,21,23,20,25,23,23,43,85,85,67,53,77,73,82,32,200,32,51,24,30,22,31,28,29,31,33,36,30,29,26,28,25,29,32,200,23,93,96,90,96,97,91,27,33,33,31,29,28,32,30,24,51,23,200,21,25,17,26,24,26,20,24,28,20,21,18,20,19,21,24,93,21,200,117,113,105,114,115,24,32,35,26,26,23,27,24,23,30,96,25,117,200,125,152,170,141,18,23,27,18,19,16,18,18,20,22,90,17,113,125,200,122,128,133,25,32,37,27,27,25,29,25,25,31,96,26,105,152,122,200,158,130,23,29,33,23,23,21,25,21,23,28,97,24,114,170,128,158,200,138,24,29,33,26,25,22,25,22,23,29,91,26,115,141,133,130,138,200
200,96,66,47,44,44,46,45,33,47,32,29,23,26,22,28,24,27,96,200,113,79,67,78,91,103,34,88,35,42,28,35,28,36,29,32,66,113,200,137,125,73,81,80,39,81,39,35,33,38,32,40,33,36,47,79,137,200,160,65,68,67,34,60,31,34,24,28,22,30,24,29,44,67,125,160,200,58,57,57,34,53,30,28,21,26,21,27,23,25,44,78,73,65,58,200,64,76,30,67,29,28,20,24,19,26,21,22,46,91,81,68,57,64,200,78,31,71,30,37,24,30,23,33,25,28,45,103,80,67,57,76,78,200,29,85,27,37,23,27,23,29,22,25,33,34,39,34,34,30,31,29,200,34,31,23,22,24,22,26,24,24,47,88,81,60,53,67,71,85,34,200,33,60,27,32,26,34,27,31,32,35,39,31,30,29,30,27,31,33,200,24,94,96,93,98,97,90,29,42,35,34,28,28,37,37,23,60,24,200,24,27,21,29,23,29,23,28,33,24,21,20,24,23,22,27,94,24,200,119,117,111,114,116,26,35,38,28,26,24,30,27,24,32,96,27,119,200,128,151,171,142,22,28,32,22,21,19,23,23,22,26,93,21,117,128,200,125,129,136,28,36,40,30,27,26,33,29,26,34,98,29,111,151,125,200,153,131,24,29,33,24,23,21,25,22,24,27,97,23,114,171,129,153,200,136,27,32,36,29,25,22,28,25,24,31,90,29,116,142,136,131,136,200
200,90,61,45,43,42,44,42,33,44,30,23,19,25,19,25,22,22,90,200,120,84,71,85,96,102,35,88,32,32,22,33,25,32,27,25,61,120,200,135,125,77,83,84,40,82,36,30,27,38,29,37,32,30,45,84,135,200,156,69,72,72,35,63,28,28,20,27,20,27,23,22,43,71,125,156,200,62,61,59,35,55,28,27,19,26,20,27,22,22,42,85,77,69,62,200,69,81,31,67,26,26,17,25,19,26,21,19,44,96,83,72,61,69,200,79,32,75,27,32,18,28,20,29,23,21,42,102,84,72,59,81,79,200,30,79,24,29,17,26,20,26,21,19,33,35,40,35,35,31,32,30,200,34,29,20,21,25,22,26,24,24,44,88,82,63,55,67,75,79,34,200,31,51,23,32,24,32,27,26,30,32,36,28,28,26,27,24,29,31,200,20,94,99,97,98,101,93,23,32,30,28,27,26,32,29,20,51,20,200,18,22,17,22,20,21,19,22,27,20,19,17,18,17,21,23,94,18,200,113,111,103,111,111,25,33,38,27,26,25,28,26,25,32,99,22,113,200,128,145,169,140,19,25,29,20,20,19,20,20,22,24,97,17,111,128,200,118,128,132,25,32,37,27,27,26,29,26,26,32,98,22,103,145,118,200,148,123,22,27,32,23,22,21,23,21,24,27,101,20,111,169,128,148,200,135,22,25,30,22,22,19,21,19,24,26,93,21,111,140,132,123,135,200
200,88,61,46,43,43,43,42,31,44,30,23,16,25,19,25,22,18,88,200,122,83,72,93,96,104,31,87,32,29,20,33,24,31,28,20,61,122,200,136,124,87,86,89,35,85,36,28,25,37,28,36,33,25,46,83,136,200,161,73,73,69,31,64,28,26,16,26,18,25,22,18,43,72,124,161,200,63,62,60,31,56,29,25,16,25,19,25,20,18,43,93,87,73,63,200,76,86,27,73,27,25,14,24,17,24,20,15,43,96,86,73,62,76,200,79,28,75,27,29,16,28,19,28,23,17,42,104,89,69,60,86,79,200,26,79,25,27,15,26,19,25,21,15,31,31,35,31,31,27,28,26,200,31,27,19,18,23,21,24,23,20,44,87,85,64,56,73,75,79,31,200,31,48,19,31,22,30,27,21,30,32,36,28,29,27,27,25,27,31,200,20,90,99,96,97,98,87,23,29,28,26,25,25,29,27,19,48,20,200,15,22,16,22,20,18,16,20,25,16,16,14,16,15,18,19,90,15,200,109,107,96,105,102,25,33,37,26,25,24,28,26,23,31,99,22,109,200,121,143,166,129,19,24,28,18,19,17,19,19,21,22,96,16,107,121,200,112,122,125,25,31,36,25,25,24,28,25,24,30,97,22,96,143,112,200,143,116,22,28,33,22,20,20,23,21,23,27,98,20,105,166,122,143,200,125,18,20,25,18,18,15,17,15,20,21,87,18,102,129,125,116,125,200
200,92,62,47,42,42,42,42,32,45,31,28,22,26,20,28,24,24,92,200,114,80,67,86,88,95,32,83,33,35,26,35,25,36,30,30,62,114,200,135,125,79,80,80,37,82,37,34,31,39,30,41,35,35,47,80,135,200,159,69,70,67,32,63,29,31,22,27,19,29,23,27,42,67,125,159,200,58,58,57,32,55,28,29,21,27,20,29,23,27,42,86,79,69,58,200,68,84,28,74,27,28,20,24,18,28,23,24,42,88,80,70,58,68,200,72,29,69,28,35,22,30,20,33,25,27,42,95,80,67,57,84,72,200,27,82,25,32,21,27,21,29,22,24,32,32,37,32,32,28,29,27,200,32,29,23,22,24,21,27,24,24,45,83,82,63,55,74,69,82,32,200,33,53,27,34,26,36,30,32,31,33,37,29,28,27,28,25,29,33,200,23,96,99,98,101,103,93,28,35,34,31,29,28,35,32,23,53,23,200,22,27,19,28,24,26,22,26,31,22,21,20,22,21,22,27,96,22,200,112,113,105,110,112,26,35,39,27,27,24,30,27,24,34,99,27,112,200,125,153,165,144,20,25,30,19,20,18,20,21,21,26,98,19,113,125,200,123,131,133,28,36,41,29,29,28,33,29,27,36,101,28,105,153,123,200,157,134,24,30,35,23,23,23,25,22,24,30,103,24,110,165,131,157,200,138,24,30,35,27,27,24,27,24,24,32,93,26,112,144,133,134,138,200
200,93,62,47,42,42,44,43,32,45,32,28,22,27,20,28,24,26,93,200,113,83,68,85,88,99,32,87,34,35,26,36,24,35,29,32,62,113,200,135,123,78,81,79,37,86,39,34,32,41,29,42,35,37,47,83,135,200,163,69,71,69,32,66,31,30,22,28,20,29,24,28,42,68,123,163,200,59,58,57,31,55,29,28,22,26,20,28,23,26,42,85,78,69,59,200,66,81,29,74,27,27,20,24,18,27,22,24,44,88,81,71,58,66,200,74,30,70,28,34,22,31,19,32,25,28,43,99,79,69,57,81,74,200,28,80,26,32,21,28,19,28,22,25,32,32,37,32,31,29,30,28,200,32,29,24,22,25,22,27,24,26,45,87,86,66,55,74,70,80,32,200,32,55,25,34,23,34,28,32,32,34,39,31,29,27,28,26,29,32,200,23,97,100,97,100,102,96,28,35,34,30,28,27,34,32,24,55,23,200,22,28,18,27,24,27,22,26,32,22,22,20,22,21,22,25,97,22,200,115,113,106,110,115,27,36,41,28,26,24,31,28,25,34,100,28,115,200,125,153,169,143,20,24,29,20,20,18,19,19,22,23,97,18,113,125,200,124,130,135,28,35,42,29,28,27,32,28,27,34,100,27,106,153,124,200,155,135,24,29,35,24,23,22,25,22,24,28,102,24,110,169,130,155,200,138,26,32,37,28,26,24,28,25,26,32,96,27,115,143,135,135,138,200
200,92,63,46,42,42,45,43,33,45,31,28,22,26,20,27,21,26,92,200,117,81,68,87,95,99,34,86,33,35,26,33,25,34,24,30,63,117,200,131,119,80,84,81,39,85,39,35,32,39,30,41,30,36,46,81,131,200,161,69,72,69,34,63,31,30,22,26,20,28,19,27,42,68,119,161,200,57,60,56,34,54,28,28,21,25,20,27,19,26,42,87,80,69,57,200,70,84,30,74,27,27,20,22,18,26,17,23,45,95,84,72,60,70,200,77,31,72,29,34,22,29,20,31,21,26,43,99,81,69,56,84,77,200,29,78,26,32,21,26,20,27,17,23,33,34,39,34,34,30,31,29,200,34,30,24,23,26,23,28,23,27,45,86,85,63,54,74,72,78,34,200,32,56,25,32,23,33,23,30,31,33,39,31,28,27,29,26,30,32,200,23,95,99,99,100,98,95,28,35,35,30,28,27,34,32,24,56,23,200,22,27,19,27,20,26,22,26,32,22,21,20,22,21,23,25,95,22,200,113,112,106,111,115,26,33,39,26,25,22,29,26,26,32,99,27,113,200,128,155,165,142,20,25,30,20,20,18,20,20,23,23,99,19,112,128,200,128,132,138,27,34,41,28,27,26,31,27,28,33,100,27,106,155,128,200,156,135,21,24,30,19,19,17,21,17,23,23,98,20,111,165,132,156,200,137,26,30,36,27,26,23,26,23,27,30,95,26,115,142,138,135,137,200
200,94,62,48,41,41,44,41,31,44,33,27,24,26,20,26,22,26,94,200,118,80,69,85,92,99,32,84,35,34,28,33,24,33,25,29,62,118,200,131,120,79,82,81,37,81,39,33,34,39,29,40,31,35,48,80,131,200,159,66,68,66,32,59,30,29,24,25,19,26,20,26,41,69,120,159,200,59,61,57,31,54,29,27,24,24,20,26,20,24,41,85,79,66,59,200,66,80,28,69,27,26,22,22,18,25,18,22,44,92,82,68,61,66,200,76,29,71,29,33,24,29,19,30,21,25,41,99,81,66,57,80,76,200,27,78,26,32,22,27,19,27,19,23,31,32,37,32,31,28,29,27,200,32,28,22,23,24,22,25,22,25,44,84,81,59,54,69,71,78,32,200,33,54,28,33,24,33,25,30,33,35,39,30,29,27,29,26,28,33,200,23,98,99,99,99,101,94,27,34,33,29,27,26,33,32,22,54,23,200,23,27,18,27,21,25,24,28,34,24,24,22,24,22,23,28,98,23,200,116,112,107,115,114,26,33,39,25,24,22,29,27,24,33,99,27,116,200,127,151,167,140,20,24,29,19,20,18,19,19,22,24,99,18,112,127,200,125,131,138,26,33,40,26,26,25,30,27,25,33,99,27,107,151,125,200,153,130,22,25,31,20,20,18,21,19,22,25,101,21,115,167,131,153,200,138,26,29,35,26,24,22,25,23,25,30,94,25,114,140,138,130,138,200
200,108,85,60,55,54,56,53,44,56,31,26,23,26,20,28,22,23,108,200,132,92,78,95,106,110,47,100,34,31,26,32,23,34,25,25,85,132,200,141,126,89,96,94,54,89,41,29,31,36,29,38,29,31,60,92,141,200,161,79,84,80,47,74,32,29,24,26,20,28,22,24,55,78,126,161,200,70,71,71,46,66,30,26,23,25,20,28,22,23,54,95,89,79,70,200,85,94,44,84,29,26,22,24,19,28,20,21,56,106,96,84,71,85,200,97,45,91,31,31,23,30,20,33,23,24,53,110,94,80,71,94,97,200,43,100,28,29,20,26,19,28,19,21,44,47,54,47,46,44,45,43,200,47,30,23,24,26,23,28,25,25,56,100,89,74,66,84,91,100,47,200,33,52,25,31,23,33,24,26,31,34,41,32,30,29,31,28,30,33,200,24,97,100,99,105,101,92,26,31,29,29,26,26,31,29,23,52,24,200,22,25,19,26,21,24,23,26,31,24,23,22,23,20,24,25,97,22,200,116,116,109,118,115,26,32,36,26,25,24,30,26,26,31,100,25,116,200,125,152,169,139,20,23,29,20,20,19,20,19,23,23,99,19,116,125,200,127,132,133,28,34,38,28,28,28,33,28,28,33,105,26,109,152,127,200,153,129,22,25,29,22,22,20,23,19,25,24,101,21,118,169,132,153,200,139,23,25,31,24,23,21,24,21,25,26,92,24,115,139,133,129,139,200
200,101,82,53,49,48,50,47,36,49,30,24,15,26,20,25,22,19,101,200,137,91,80,93,104,112,42,93,33,29,18,33,23,30,26,21,82,137,200,134,122,86,94,92,49,85,40,28,25,38,29,36,32,27,53,91,134,200,163,76,81,78,42,70,30,27,16,26,19,25,22,20,49,80,122,163,200,68,73,71,42,67,29,26,16,26,19,25,22,20,48,93,86,76,68,200,82,91,38,80,28,24,14,24,18,24,20,17,50,104,94,81,73,82,200,96,39,86,29,28,15,28,18,28,23,19,47,112,92,78,71,91,96,200,37,94,27,27,14,27,19,25,21,17,36,42,49,42,42,38,39,37,200,42,28,20,21,25,22,25,24,22,49,93,85,70,67,80,86,94,42,200,32,49,18,30,22,28,24,22,30,33,40,30,29,28,29,27,28,32,200,22,93,102,101,101,104,92,24,29,28,27,26,24,28,27,20,49,22,200,15,24,18,22,21,22,15,18,25,16,16,14,15,14,21,18,93,15,200,109,109,100,110,106,26,33,38,26,26,24,28,27,25,30,102,24,109,200,125,146,165,132,20,23,29,19,19,18,18,19,22,22,101,18,109,125,200,121,130,128,25,30,36,25,25,24,28,25,25,28,101,22,100,146,121,200,145,121,22,26,32,22,22,20,23,21,24,24,104,21,110,165,130,145,200,133,19,21,27,20,20,17,19,17,22,22,92,22,106,132,128,121,133,200
200,99,75,51,46,44,47,44,32,46,30,22,14,25,19,26,24,16,99,200,134,94,77,98,100,110,34,87,34,26,14,31,21,31,27,18,75,134,200,136,121,91,97,96,40,82,40,26,20,37,27,37,33,25,51,94,136,200,161,82,86,83,34,72,30,24,13,25,18,26,22,17,46,77,121,161,200,69,73,71,34,63,29,24,13,25,18,26,22,17,44,98,91,82,69,200,84,98,30,79,28,21,11,22,17,24,19,14,47,100,97,86,73,84,200,94,31,79,30,25,11,27,17,28,24,16,44,110,96,83,71,98,94,200,29,89,28,24,10,26,17,26,22,14,32,34,40,34,34,30,31,29,200,34,28,18,18,24,21,26,24,21,46,87,82,72,63,79,79,89,34,200,32,47,14,29,21,29,25,19,30,34,40,30,29,28,30,28,28,32,200,21,90,100,97,102,105,88,22,26,26,24,24,21,25,24,18,47,21,200,13,23,16,22,20,18,14,14,20,13,13,11,11,10,18,14,90,13,200,106,105,96,106,103,25,31,37,25,25,22,27,26,24,29,100,23,106,200,122,143,164,128,19,21,27,18,18,17,17,17,21,21,97,16,105,122,200,118,126,123,26,31,37,26,26,24,28,26,26,29,102,22,96,143,118,200,145,117,24,27,33,22,22,19,24,22,24,25,105,20,106,164,126,145,200,127,16,18,25,17,17,14,16,14,21,19,88,18,103,128,123,117,127,200
200,102,75,54,47,45,48,44,33,47,30,28,21,26,20,28,22,24,102,200,131,95,79,98,100,107,34,90,33,35,26,33,24,34,25,26,75,131,200,141,123,91,97,94,40,84,39,33,31,37,29,39,30,32,54,95,141,200,161,81,87,81,34,73,30,32,23,27,20,29,22,25,47,79,123,161,200,69,72,70,33,63,28,29,22,26,20,29,22,24,45,98,91,81,69,200,82,94,31,79,28,29,20,24,18,27,19,21,48,100,97,87,72,82,200,93,32,80,29,35,23,30,20,31,23,25,44,107,94,81,70,94,93,200,30,94,27,33,22,28,20,29,20,22,33,34,40,34,33,31,32,30,200,34,28,24,22,25,22,27,23,24,47,90,84,73,63,79,80,94,34,200,32,56,25,32,23,33,24,28,30,33,39,30,28,28,29,27,28,32,200,24,86,94,94,99,96,89,28,35,33,32,29,29,35,33,24,56,24,200,22,27,19,28,22,27,21,26,31,23,22,20,23,22,22,25,86,22,200,116,114,106,110,114,26,33,37,27,26,24,30,28,25,32,94,27,116,200,127,152,165,141,20,24,29,20,20,18,20,20,22,23,94,19,114,127,200,126,131,133,28,34,39,29,29,27,31,29,27,33,99,28,106,152,126,200,152,130,22,25,30,22,22,19,23,20,23,24,96,22,110,165,131,152,200,135,24,26,32,25,24,21,25,22,24,28,89,27,114,141,133,130,135,200
200,102,76,52,45,45,47,43,32,46,29,28,22,26,19,27,22,24,102,200,129,91,75,94,95,103,33,83,32,34,26,32,22,33,26,26,76,129,200,136,122,89,94,92,40,74,39,33,34,39,30,40,32,33,52,91,136,200,161,79,84,80,33,65,29,32,24,27,20,28,22,26,45,75,122,161,200,68,71,69,33,56,27,29,22,26,20,28,22,25,45,94,89,79,68,200,79,94,31,72,27,29,21,24,18,27,21,22,47,95,94,84,71,79,200,90,32,74,29,36,25,31,20,33,26,28,43,103,92,80,69,94,90,200,29,83,26,33,23,28,19,29,21,23,32,33,40,33,33,31,32,29,200,33,28,23,22,24,22,26,24,24,46,83,74,65,56,72,74,83,33,200,32,58,27,33,24,34,26,29,29,32,39,29,27,27,29,26,28,32,200,25,90,96,96,100,99,91,28,34,33,32,29,29,36,33,23,58,25,200,23,27,19,28,23,26,22,26,34,24,22,21,25,23,22,27,90,23,200,113,113,106,109,114,26,32,39,27,26,24,31,28,24,33,96,27,113,200,124,154,166,140,19,22,30,20,20,18,20,19,22,24,96,19,113,124,200,128,128,134,27,33,40,28,28,27,33,29,26,34,100,28,106,154,128,200,157,133,22,26,32,22,22,21,26,21,24,26,99,23,109,166,128,157,200,136,24,26,33,26,25,22,28,23,24,29,91,26,114,140,134,133,136,200
200,102,74,50,42,42,45,41,30,44,29,28,21,26,19,27,22,24,102,200,125,85,71,89,94,101,32,85,32,36,23,33,22,34,26,28,74,125,200,132,118,87,94,93,38,78,38,33,29,37,28,38,31,32,50,85,132,200,159,77,85,76,32,66,29,33,22,28,19,29,22,27,42,71,118,159,200,66,71,69,31,57,27,29,20,26,19,28,22,25,42,89,87,77,66,200,77,93,30,74,27,29,20,24,18,27,20,22,45,94,94,85,71,77,200,89,31,76,29,37,21,31,19,33,25,29,41,101,93,76,69,93,89,200,28,84,26,34,19,28,18,29,20,24,30,32,38,32,31,30,31,28,200,32,28,23,22,24,22,26,24,24,44,85,78,66,57,74,76,84,32,200,32,58,24,33,23,34,25,30,29,32,38,29,27,27,29,26,28,32,200,25,95,97,97,100,99,93,28,36,33,33,29,29,37,34,23,58,25,200,21,28,18,29,23,27,21,23,29,22,20,20,21,19,22,24,95,21,200,114,112,105,110,114,26,33,37,28,26,24,31,28,24,33,97,28,114,200,127,154,163,143,19,22,28,19,19,18,19,18,22,23,97,18,112,127,200,126,129,130,27,34,38,29,28,27,33,29,26,34,100,29,105,154,126,200,157,135,22,26,31,22,22,20,25,20,24,25,99,23,110,163,129,157,200,135,24,28,32,27,25,22,29,24,24,30,93,27,114,143,130,135,135,200
200,102,72,48,40,40,42,39,29,42,28,27,19,24,19,27,21,24,102,200,128,86,71,86,92,98,32,82,31,36,22,32,23,33,25,28,72,128,200,131,118,88,95,95,37,77,37,35,28,38,29,39,31,34,48,86,131,200,159,74,81,78,32,64,28,33,21,27,19,29,22,27,40,71,118,159,200,65,69,68,31,57,26,29,20,25,19,28,21,25,40,86,88,74,65,200,76,91,30,71,26,29,19,23,18,26,20,22,42,92,95,81,69,76,200,90,31,72,28,37,20,30,20,33,25,29,39,98,95,78,68,91,90,200,28,80,25,34,18,27,19,28,20,24,29,32,37,32,31,30,31,28,200,32,28,23,22,24,22,27,24,24,42,82,77,64,57,71,72,80,32,200,32,58,24,33,24,34,26,31,28,31,37,28,26,26,28,25,28,32,200,24,90,96,98,100,100,94,27,36,35,33,29,29,37,34,23,58,24,200,20,28,19,29,24,27,19,22,28,21,20,19,20,18,22,24,90,20,200,109,110,101,107,111,24,32,38,27,25,23,30,27,24,33,96,28,109,200,123,153,166,144,19,23,29,19,19,18,20,19,22,24,98,19,110,123,200,124,129,130,27,33,39,29,28,26,33,28,27,34,100,29,101,153,124,200,158,136,21,25,31,22,21,20,25,20,24,26,100,24,107,166,129,158,200,139,24,28,34,27,25,22,29,24,24,31,94,27,111,144,130,136,139,200
200,98,68,43,39,37,36,35,27,38,24,23,17,23,18,23,19,22,98,200,120,80,66,81,89,90,31,80,28,34,20,32,22,30,24,25,68,120,200,131,114,77,87,84,36,73,34,31,26,36,27,34,27,30,43,80,131,200,154,67,76,70,31,57,26,29,19,25,18,24,19,23,39,66,114,154,200,59,61,58,30,52,24,27,18,25,18,24,19,23,37,81,77,67,59,200,70,78,28,67,23,27,17,22,17,22,18,20,36,89,87,76,61,70,200,82,29,70,25,33,17,28,17,28,22,23,35,90,84,70,58,78,82,200,26,75,22,30,16,25,17,24,18,19,27,31,36,31,30,28,29,26,200,32,28,22,22,25,22,26,23,25,38,80,73,57,52,67,70,75,32,200,31,58,23,34,24,33,26,30,24,28,34,26,24,23,25,22,28,31,200,21,92,97,97,101,100,93,23,34,31,29,27,27,33,30,22,58,21,200,18,26,17,25,20,25,17,20,26,19,18,17,17,16,22,23,92,18,200,111,108,103,109,110,23,32,36,25,25,22,28,25,25,34,97,26,111,200,121,154,161,139,18,22,27,18,18,17,17,17,22,24,97,17,108,121,200,124,123,125,23,30,34,24,24,22,28,24,26,33,101,25,103,154,124,200,159,131,19,24,27,19,19,18,22,18,23,26,100,20,109,161,123,159,200,134,22,25,30,23,23,20,23,19,25,30,93,25,110,139,125,131,134,200
200,100,71,43,39,38,39,35,29,38,25,22,16,23,17,23,20,20,100,200,122,82,66,83,86,87,33,78,28,30,18,31,21,29,25,23,71,122,200,123,110,80,87,81,38,71,34,29,24,37,26,35,31,30,43,82,123,200,156,70,74,71,32,61,25,27,16,24,16,23,20,21,39,66,110,156,200,61,63,58,32,51,24,26,16,24,16,23,20,21,38,83,80,70,61,200,73,79,29,67,22,25,14,23,15,22,18,18,39,86,87,74,63,73,200,74,30,69,24,29,14,27,15,25,22,20,35,87,81,71,58,79,74,200,28,70,20,27,13,24,16,22,18,17,29,33,38,32,32,29,30,28,200,33,29,21,22,26,22,27,25,24,38,78,71,61,51,67,69,70,33,200,28,53,19,32,21,29,25,26,25,28,34,25,24,22,24,20,29,28,200,20,92,100,97,101,104,94,22,30,29,27,26,25,29,27,21,53,20,200,16,24,15,23,20,22,16,18,24,16,16,14,14,13,22,19,92,16,200,109,107,100,110,108,23,31,37,24,24,23,27,24,26,32,100,24,109,200,118,149,162,138,17,21,26,16,16,15,15,16,22,21,97,15,107,118,200,120,125,123,23,29,35,23,23,22,25,22,27,29,101,23,100,149,120,200,152,126,20,25,31,20,20,18,22,18,25,25,104,20,110,162,125,152,200,135,20,23,30,21,21,18,20,17,24,26,94,22,108,138,123,126,135,200
200,95,64,44,39,36,37,35,28,37,24,20,16,22,17,23,20,16,95,200,123,87,71,85,83,92,31,77,26,26,17,30,21,29,25,18,64,123,200,128,114,87,85,85,36,75,32,26,23,36,26,35,31,25,44,87,128,200,163,76,74,74,30,62,25,25,16,24,17,24,21,17,39,71,114,163,200,63,65,63,30,54,24,24,16,23,17,24,20,17,36,85,87,76,63,200,71,87,27,69,22,22,14,21,16,22,18,14,37,83,85,74,65,71,200,79,28,64,23,25,14,26,16,27,22,16,35,92,85,74,63,87,79,200,26,73,20,24,13,25,16,24,20,14,28,31,36,30,30,27,28,26,200,31,28,20,22,25,23,27,25,22,37,77,75,62,54,69,64,73,31,200,25,48,17,30,20,28,24,20,24,26,32,25,24,22,23,20,28,25,200,18,91,96,97,99,98,88,20,26,26,25,24,22,25,24,20,48,18,200,16,21,16,21,18,18,16,17,23,16,16,14,14,13,22,17,91,16,200,108,107,97,106,103,22,30,36,24,23,21,26,25,25,30,96,21,108,200,120,145,162,130,17,21,26,17,17,16,16,16,23,20,97,16,107,120,200,119,124,119,23,29,35,24,24,22,27,24,27,28,99,21,97,145,119,200,148,116,20,25,31,21,20,18,22,20,25,24,98,18,106,162,124,148,200,123,16,18,25,17,17,14,16,14,22,20,88,18,103,130,119,116,123,200
200,97,73,49,42,41,43,38,28,43,26,28,21,26,20,27,22,26,97,200,124,89,68,91,91,91,30,83,30,38,28,35,24,37,27,31,73,124,200,130,115,83,93,82,35,74,36,36,34,40,30,42,32,37,49,89,130,200,158,78,80,76,29,68,27,34,24,30,20,32,23,29,42,68,115,158,200,62,66,61,27,56,25,30,22,27,20,31,22,27,41,91,83,78,62,200,76,85,27,73,25,31,22,26,19,29,21,25,43,91,93,80,66,76,200,87,29,75,27,38,26,32,21,35,25,31,38,91,82,76,61,85,87,200,25,79,24,33,23,28,20,30,20,25,28,30,35,29,27,27,29,25,200,30,28,25,23,26,21,26,24,25,43,83,74,68,56,73,75,79,30,200,32,58,29,36,26,38,27,33,26,30,36,27,25,25,27,24,28,32,200,23,87,94,94,96,97,92,28,38,36,34,30,31,38,33,25,58,23,200,25,30,20,30,25,30,21,28,34,24,22,22,26,23,23,29,87,25,200,116,110,105,108,115,26,35,40,30,27,26,32,28,26,36,94,30,116,200,125,154,163,148,20,24,30,20,20,19,21,20,21,26,94,20,110,125,200,124,128,128,27,37,42,32,31,29,35,30,26,38,96,30,105,154,124,200,152,137,22,27,32,23,22,21,25,20,24,27,97,25,108,163,128,152,200,134,26,31,37,29,27,25,31,25,25,33,92,30,115,148,128,137,134,200
200,100,73,49,45,43,44,39,29,44,26,30,23,27,20,29,23,27,100,200,126,90,69,92,93,90,31,85,30,39,27,35,24,37,28,32,73,126,200,134,116,92,93,82,36,79,36,37,33,40,30,42,33,38,49,90,134,200,159,81,81,75,30,67,27,35,25,29,20,32,24,30,45,69,116,159,200,64,65,61,29,54,26,32,24,27,20,31,23,28,43,92,92,81,64,200,80,86,29,77,26,33,24,27,20,30,23,27,44,93,93,81,65,80,200,83,29,75,27,38,25,32,21,36,27,31,39,90,82,75,61,86,83,200,26,78,24,34,23,28,20,30,21,26,29,31,36,30,29,29,29,26,200,31,28,26,24,26,22,27,25,26,44,85,79,67,54,77,75,78,31,200,31,59,29,36,26,37,28,34,26,30,36,27,26,26,27,24,28,31,200,24,91,95,94,99,101,94,30,39,37,35,32,33,38,34,26,59,24,200,26,29,21,31,25,31,23,27,33,25,24,24,25,23,24,29,91,26,200,112,110,106,108,117,27,35,40,29,27,27,32,28,26,36,95,29,112,200,120,155,166,144,20,24,30,20,20,20,21,20,22,26,94,21,110,120,200,122,126,125,29,37,42,32,31,30,36,30,27,37,99,31,106,155,122,200,158,138,23,28,33,24,23,23,27,21,25,28,101,25,108,166,126,158,200,137,27,32,38,30,28,27,31,26,26,34,94,31,117,144,125,138,137,200
200,100,70,46,42,42,43,39,30,42,27,28,21,26,20,27,22,24,100,200,124,87,67,89,93,89,33,84,30,38,27,35,23,35,27,29,70,124,200,130,115,88,92,80,39,78,36,37,33,41,29,41,33,35,46,87,130,200,157,76,79,75,32,65,28,35,24,30,20,30,23,27,42,67,115,157,200,61,66,61,30,52,26,30,22,27,20,29,22,24,42,89,88,76,61,200,77,85,31,75,27,32,23,27,20,29,22,23,43,93,92,79,66,77,200,83,31,74,27,39,25,33,20,34,26,29,39,89,80,75,61,85,83,200,28,77,24,34,23,28,19,28,20,24,30,33,39,32,30,31,31,28,200,34,29,25,24,26,22,27,25,25,42,84,78,65,52,75,74,77,34,200,32,60,30,37,26,36,28,33,27,30,36,28,26,27,27,24,29,32,200,24,90,95,97,102,103,96,28,38,37,35,30,32,39,34,25,60,24,200,24,31,19,31,25,30,21,27,33,24,22,23,25,23,24,30,90,24,200,109,110,103,106,114,26,35,41,30,27,27,33,28,26,37,95,31,109,200,118,151,162,141,20,23,29,20,20,20,20,19,22,26,97,19,110,118,200,122,127,126,27,35,41,30,29,29,34,28,27,36,102,31,103,151,122,200,155,133,22,27,33,23,22,22,26,20,25,28,103,25,106,162,127,155,200,137,24,29,35,27,24,23,29,24,25,33,96,30,114,141,126,133,137,200
200,99,69,46,42,39,42,38,29,41,27,28,22,26,20,26,21,25,99,200,122,85,65,87,88,91,32,83,30,37,28,34,24,33,25,31,69,122,200,129,114,85,89,81,38,80,36,37,34,41,30,39,31,37,46,85,129,200,155,73,76,74,31,64,28,35,25,30,20,29,22,29,42,65,114,155,200,58,63,58,30,52,26,30,23,27,20,28,21,27,39,87,85,73,58,200,72,85,29,73,26,31,23,26,19,27,20,25,42,88,89,76,63,72,200,78,30,71,27,38,26,32,21,33,25,31,38,91,81,74,58,85,78,200,27,76,24,34,23,28,19,27,20,26,29,32,38,31,30,29,30,27,200,33,30,25,24,26,21,27,24,25,41,83,80,64,52,73,71,76,33,200,32,60,31,37,26,35,27,35,27,30,36,28,26,26,27,24,30,32,200,23,92,94,96,100,102,94,28,37,37,35,30,31,38,34,25,60,23,200,24,31,20,31,25,32,22,28,34,25,23,23,26,23,24,31,92,24,200,111,110,106,108,116,26,34,41,30,27,26,32,28,26,37,94,31,111,200,118,153,163,140,20,24,30,20,20,19,21,19,21,26,96,20,110,118,200,124,126,123,26,33,39,29,28,27,33,27,27,35,100,31,106,153,124,200,155,137,21,25,31,22,21,20,25,20,24,27,102,25,108,163,126,155,200,132,25,31,37,29,27,25,31,26,25,35,94,32,116,140,123,137,132,200
200,102,70,37,34,32,35,33,27,33,22,25,19,21,17,21,19,21,102,200,122,81,62,73,87,85,35,74,29,35,25,34,25,33,25,28,70,122,200,126,112,71,80,74,40,70,35,34,31,39,30,39,31,34,37,81,126,200,155,68,75,70,34,60,27,33,23,28,21,29,22,26,34,62,112,155,200,56,59,54,33,51,25,31,22,28,21,29,22,26,32,73,71,68,56,200,70,75,31,64,25,30,21,27,20,27,20,23,35,87,80,75,59,70,200,78,32,70,25,35,22,32,20,32,23,27,33,85,74,70,54,75,78,200,29,74,23,32,21,29,21,28,20,23,27,35,40,34,33,31,32,29,200,36,30,26,26,28,23,29,27,27,33,74,70,60,51,64,70,74,36,200,30,59,27,37,26,35,27,32,22,29,35,27,25,25,25,23,30,30,200,24,96,95,99,100,103,97,25,35,34,33,31,30,35,32,26,59,24,200,23,27,19,29,23,28,19,25,31,23,22,21,22,21,26,27,96,23,200,112,111,106,110,115,21,34,39,28,28,27,32,29,28,37,95,27,112,200,118,151,165,137,17,25,30,21,21,20,20,21,23,26,99,19,111,118,200,122,123,126,21,33,39,29,29,27,32,28,29,35,100,29,106,151,122,200,153,133,19,25,31,22,22,20,23,20,27,27,103,23,110,165,123,153,200,135,21,28,34,26,26,23,27,23,27,32,97,28,115,137,126,133,135,200
200,99,64,37,36,32,32,32,29,33,23,20,17,22,17,22,20,17,99,200,121,82,67,76,86,88,36,74,27,28,21,34,23,32,26,21,64,121,200,122,109,76,83,78,41,75,35,29,29,41,30,40,34,29,37,82,122,200,156,64,71,68,35,60,26,26,20,28,20,28,22,20,36,67,109,156,200,56,60,56,35,53,25,26,20,27,19,27,22,20,32,76,76,64,56,200,70,77,31,66,23,24,18,26,18,26,20,16,32,86,83,71,60,70,200,75,32,69,24,28,18,30,18,29,23,19,32,88,78,68,56,77,75,200,30,75,21,27,17,29,19,27,21,17,29,36,41,35,35,31,32,30,200,34,30,21,24,27,23,28,27,24,33,74,75,60,53,66,69,75,34,200,29,52,24,37,25,34,28,27,23,27,35,26,25,23,24,21,30,29,200,20,92,96,102,102,106,93,20,28,29,26,26,24,28,27,21,52,20,200,20,25,17,24,22,22,17,21,29,20,20,18,18,17,24,24,92,20,200,108,107,101,109,108,22,34,41,28,27,26,30,29,27,37,96,25,108,200,119,148,163,133,17,23,30,20,19,18,18,19,23,25,102,17,107,119,200,119,125,125,22,32,40,28,27,26,29,27,28,34,102,24,101,148,119,200,150,124,20,26,34,22,22,20,23,21,27,28,106,22,109,163,125,150,200,131,17,21,29,20,20,16,19,17,24,27,93,22,108,133,125,124,131,200
200,96,61,39,37,35,35,35,27,36,22,19,16,23,17,22,19,15,96,200,125,82,64,84,86,94,34,79,27,26,19,35,23,32,27,20,61,125,200,122,106,86,86,88,38,80,32,26,24,40,27,37,32,26,39,82,122,200,154,70,74,70,33,62,25,24,18,30,19,27,23,19,37,64,106,154,200,55,57,55,33,53,25,24,18,29,19,27,22,19,35,84,86,70,55,200,71,88,29,74,24,21,16,26,18,25,20,16,35,86,86,74,57,71,200,79,30,67,23,25,16,32,18,29,24,18,35,94,88,70,55,88,79,200,28,78,22,24,15,30,19,27,22,16,27,34,38,33,33,29,30,28,200,33,29,21,23,27,22,27,26,23,36,79,80,62,53,74,67,78,33,200,28,47,20,35,23,31,26,22,22,27,32,25,25,24,23,22,29,28,200,19,93,98,101,99,104,90,19,26,26,24,24,21,25,24,21,47,19,200,18,24,17,23,21,20,16,19,24,18,18,16,16,15,23,20,93,18,200,108,108,98,107,108,23,35,40,30,29,26,32,30,27,35,98,24,108,200,118,149,161,129,17,23,27,19,19,18,18,19,22,23,101,17,108,118,200,116,121,119,22,32,37,27,27,25,29,27,27,31,99,23,98,149,116,200,146,119,19,27,32,23,22,20,24,22,26,26,104,21,107,161,121,146,200,126,15,20,26,19,19,16,18,16,23,22,90,20,108,129,119,119,126,200
200,101,64,39,38,37,37,37,27,37,22,24,18,21,19,22,18,20,101,200,121,81,65,83,86,88,34,81,27,37,23,34,25,34,25,31,64,121,200,125,112,87,87,86,39,81,34,36,30,40,32,41,31,36,39,81,125,200,159,73,74,69,33,61,26,33,22,28,21,29,21,28,38,65,112,159,200,60,62,58,32,53,25,30,21,27,21,28,21,26,37,83,87,73,60,200,69,85,31,72,24,31,20,26,20,27,19,24,37,86,87,74,62,69,200,78,32,69,25,38,21,31,21,32,23,30,37,88,86,69,58,85,78,200,28,76,22,34,19,28,21,28,20,25,27,34,39,33,32,31,32,28,200,34,27,25,22,25,21,26,23,25,37,81,81,61,53,72,69,76,34,200,31,58,27,37,28,36,27,35,22,27,34,26,25,24,25,22,27,31,200,24,88,91,96,94,96,92,24,37,36,33,30,31,38,34,25,58,24,200,22,29,20,29,24,31,18,23,30,22,21,20,21,19,22,27,88,22,200,111,111,104,107,114,21,34,40,28,27,26,31,28,25,37,91,29,111,200,122,152,163,141,19,25,32,21,21,20,21,21,21,28,96,20,111,122,200,121,127,127,22,34,41,29,28,27,32,28,26,36,94,29,104,152,121,200,150,133,18,25,31,21,21,19,23,20,23,27,96,24,107,163,127,150,200,130,20,31,36,28,26,24,30,25,25,35,92,31,114,141,127,133,130,200
200,101,64,44,41,39,41,38,28,40,25,26,20,22,19,24,19,22,101,200,120,86,66,84,87,90,33,82,29,38,25,33,25,34,26,29,64,120,200,129,112,85,88,86,38,82,37,37,33,41,33,42,34,37,44,86,129,200,158,75,75,74,32,64,28,33,23,27,21,29,22,27,41,66,112,158,200,59,60,58,32,55,27,31,23,26,21,28,21,25,39,84,85,75,59,200,68,85,31,73,25,31,21,25,20,27,20,23,41,87,88,75,60,68,200,78,32,68,27,38,23,30,21,32,24,28,38,90,86,74,58,85,78,200,28,76,23,34,21,28,21,28,20,23,28,33,38,32,32,31,32,28,200,33,30,25,24,25,22,27,25,26,40,82,82,64,55,73,68,76,33,200,31,58,27,35,27,35,27,32,25,29,37,28,27,25,27,23,30,31,200,25,90,92,96,97,99,94,26,38,37,33,31,31,38,34,25,58,25,200,24,29,20,30,24,28,20,25,33,23,23,21,23,21,24,27,90,24,200,113,112,108,108,115,22,33,41,27,26,25,30,28,25,35,92,29,113,200,123,156,163,141,19,25,33,21,21,20,21,21,22,27,96,20,112,123,200,122,125,127,24,34,42,29,28,27,32,28,27,35,97,30,108,156,122,200,155,136,19,26,34,22,21,20,24,20,25,27,99,24,108,163,125,155,200,135,22,29,37,27,25,23,28,23,26,32,94,28,115,141,127,136,135,200
200,97,66,44,40,38,42,37,27,39,26,24,19,21,18,22,18,21,97,200,123,84,67,81,87,94,32,82,30,36,25,33,25,32,25,29,66,123,200,129,115,80,86,82,37,82,38,36,33,41,32,40,33,36,44,84,129,200,158,69,73,71,31,62,29,32,23,27,20,27,21,26,40,67,115,158,200,60,60,59,31,55,28,30,23,26,20,27,20,24,38,81,80,69,60,200,68,81,30,68,26,30,21,25,19,25,19,22,42,87,86,73,60,68,200,78,31,68,28,37,23,30,20,31,23,28,37,94,82,71,59,81,78,200,27,73,24,33,21,27,21,26,20,23,27,32,37,31,31,30,31,27,200,32,29,24,22,24,21,26,23,24,39,82,82,62,55,68,68,73,32,200,32,57,28,34,26,33,26,32,26,30,38,29,28,26,28,24,29,32,200,25,89,90,97,96,99,91,24,36,36,32,30,30,37,33,24,57,25,200,22,27,19,28,24,28,19,25,33,23,23,21,23,21,22,28,89,22,200,114,112,106,109,114,21,33,41,27,26,25,30,27,24,34,90,27,114,200,122,151,164,137,18,25,32,20,20,19,20,21,21,26,97,19,112,122,200,124,125,128,22,32,40,27,27,25,31,26,26,33,96,28,106,151,124,200,152,133,18,25,33,21,20,19,23,20,23,26,99,24,109,164,125,152,200,133,21,29,36,26,24,22,28,23,24,32,91,28,114,137,128,133,133,200
200,97,65,47,42,39,43,39,23,42,26,26,19,24,17,23,18,21,97,200,122,83,68,79,86,89,26,82,29,36,24,35,24,33,25,28,65,122,200,127,116,78,84,81,31,84,38,35,33,44,32,43,34,36,47,83,127,200,158,68,71,70,25,63,28,32,22,29,19,28,21,25,42,68,116,158,200,60,61,59,25,56,27,30,22,27,19,27,20,23,39,79,78,68,60,200,68,80,24,70,25,30,20,26,18,26,19,21,43,86,84,71,61,68,200,75,25,70,27,37,22,32,19,32,24,27,39,89,81,70,59,80,75,200,22,73,23,33,20,28,20,27,20,22,23,26,31,25,25,24,25,22,200,27,26,21,21,24,20,25,22,22,42,82,84,63,56,70,70,73,27,200,31,57,26,36,25,34,26,31,26,29,38,28,27,25,27,23,26,31,200,25,91,94,97,96,102,94,26,36,35,32,30,30,37,33,21,57,25,200,23,29,18,29,24,27,19,24,33,22,22,20,22,20,21,26,91,23,200,113,111,105,111,116,24,35,44,29,27,26,32,28,24,36,94,29,113,200,122,152,160,138,17,24,32,19,19,18,19,20,20,25,97,18,111,122,200,122,128,126,23,33,43,28,27,26,32,27,25,34,96,29,105,152,122,200,153,129,18,25,34,21,20,19,24,20,22,26,102,24,111,160,128,153,200,131,21,28,36,25,23,21,27,22,22,31,94,27,116,138,126,129,131,200
200,95,61,40,36,34,36,33,24,35,23,24,18,22,16,23,19,20,95,200,111,81,64,80,82,90,27,80,29,34,23,34,23,32,25,27,61,111,200,129,117,76,78,79,32,75,38,31,32,40,30,40,33,33,40,81,129,200,161,68,68,69,26,60,28,30,22,27,18,27,21,23,36,64,117,161,200,58,56,57,26,53,27,28,21,27,19,27,21,22,34,80,76,68,58,200,65,80,25,69,26,29,20,26,18,25,19,20,36,82,78,68,56,65,200,71,25,68,27,35,21,31,18,31,23,26,33,90,79,69,57,80,71,200,23,75,24,32,19,28,19,26,20,21,24,27,32,26,26,25,25,23,200,28,27,21,22,24,20,26,23,22,35,80,75,60,53,69,68,75,28,200,32,59,26,36,25,34,27,31,23,29,38,28,27,26,27,24,27,32,200,25,94,97,98,101,103,93,24,34,31,30,28,29,35,32,21,59,25,200,22,27,17,27,23,26,18,23,32,22,21,20,21,19,22,26,94,22,200,114,109,107,111,114,22,34,40,27,27,26,31,28,24,36,97,27,114,200,125,153,165,136,16,23,30,18,19,18,18,19,20,25,98,17,109,125,200,123,127,124,23,32,40,27,27,25,31,26,26,34,101,27,107,153,123,200,155,129,19,25,33,21,21,19,23,20,23,27,103,23,111,165,127,155,200,134,20,27,33,23,22,20,26,21,22,31,93,26,114,136,124,129,134,200
