200,98,67,51,46,45,43,47,33,30,12,22,13,9,8,18,13,98,200,117,82,73,78,86,92,35,33,13,27,15,10,9,20,14,67,117,200,128,118,77,83,89,41,36,17,31,15,14,13,24,18,51,82,128,200,158,71,73,75,34,27,10,22,14,8,8,16,13,46,73,118,158,200,62,59,64,35,30,12,23,13,9,9,17,14,45,78,77,71,62,200,65,77,30,25,8,20,12,6,6,13,10,43,86,83,73,59,65,200,77,30,25,8,21,15,6,6,15,11,47,92,89,75,64,77,77,200,29,24,7,20,14,5,5,14,10,33,35,41,34,35,30,30,29,200,31,15,23,11,13,12,19,16,30,33,36,27,30,25,25,24,31,200,76,99,12,78,54,91,82,12,13,17,10,12,8,8,7,15,76,200,99,8,79,56,84,86,22,27,31,22,23,20,21,20,23,99,99,200,14,90,72,143,116,13,15,15,14,13,12,15,14,11,12,8,14,200,7,7,12,12,9,10,14,8,9,6,6,5,13,78,79,90,7,200,59,86,88,8,9,13,8,9,6,6,5,12,54,56,72,7,59,200,87,64,18,20,24,16,17,13,15,14,19,91,84,143,12,86,87,200,100,13,14,18,13,14,10,11,10,16,82,86,116,12,88,64,100,200
200,92,60,47,44,41,41,41,31,31,21,23,23,19,23,24,22,92,200,122,90,74,86,93,104,34,33,24,32,29,23,30,30,26,60,122,200,133,119,84,86,89,40,36,28,36,29,27,35,34,30,47,90,133,200,160,75,76,78,33,30,21,27,28,19,26,26,23,44,74,119,160,200,63,59,61,34,29,21,26,26,19,26,26,24,41,86,84,75,63,200,71,81,29,25,19,23,24,18,24,23,20,41,93,86,76,59,71,200,82,29,27,20,27,28,20,28,27,21,41,104,89,78,61,81,82,200,28,25,19,25,27,18,24,25,20,31,34,40,33,34,29,29,28,200,30,22,24,21,21,24,24,23,31,33,36,30,29,25,27,25,30,200,87,95,21,93,88,99,93,21,24,28,21,21,19,20,19,22,87,200,107,20,103,97,106,110,23,32,36,27,26,23,27,25,24,95,107,200,24,121,149,174,139,23,29,29,28,26,24,28,27,21,21,20,24,200,16,23,24,23,19,23,27,19,19,18,20,18,21,93,103,121,16,200,115,127,132,23,30,35,26,26,24,28,24,24,88,97,149,23,115,200,153,124,24,30,34,26,26,23,27,25,24,99,106,174,24,127,153,200,139,22,26,30,23,24,20,21,20,23,93,110,139,23,132,124,139,200
200,92,63,47,45,42,40,42,33,30,20,25,25,20,26,25,24,92,200,122,87,72,83,93,105,35,31,22,32,30,24,31,29,27,63,122,200,133,120,80,81,88,40,34,26,36,30,27,35,33,31,47,87,133,200,161,72,73,75,35,28,20,27,29,20,27,25,24,45,72,120,161,200,60,57,60,35,28,20,26,28,20,27,25,25,42,83,80,72,60,200,69,81,31,25,17,22,26,17,24,21,21,40,93,81,73,57,69,200,81,32,26,18,28,29,20,29,26,23,42,105,88,75,60,81,81,200,30,23,17,25,28,19,25,24,21,33,35,40,35,35,31,32,30,200,28,21,24,23,21,25,24,23,30,31,34,28,28,25,26,23,28,200,90,98,22,94,96,100,95,20,22,26,20,20,17,18,17,21,90,200,107,19,105,95,107,113,25,32,36,27,26,22,28,25,24,98,107,200,23,124,150,170,141,25,30,30,29,28,26,29,28,23,22,19,23,200,17,23,24,25,20,24,27,20,20,17,20,19,21,94,105,124,17,200,116,126,133,26,31,35,27,27,24,29,25,25,96,95,150,23,116,200,152,127,25,29,33,25,25,21,26,24,24,100,107,170,24,126,152,200,138,24,27,31,24,25,21,23,21,23,95,113,141,25,133,127,138,200
200,91,64,50,45,41,41,43,32,30,19,26,24,20,25,25,21,91,200,122,87,70,83,94,106,34,31,20,32,29,23,29,29,23,64,122,200,131,115,79,82,90,40,35,25,37,29,27,34,34,28,50,87,131,200,162,70,73,74,34,29,19,28,28,20,26,26,21,45,70,115,162,200,59,57,60,34,29,18,25,25,19,24,23,20,41,83,79,70,59,200,72,79,29,26,15,23,24,17,23,21,17,41,94,82,73,57,72,200,81,30,26,16,27,28,18,25,25,19,43,106,90,74,60,79,81,200,28,24,15,25,27,18,23,23,17,32,34,40,34,34,29,30,28,200,30,20,25,21,22,24,25,23,30,31,35,29,29,26,26,24,30,200,92,98,21,95,95,101,91,19,20,25,19,18,15,16,15,20,92,200,107,18,107,95,107,108,26,32,37,28,25,23,27,25,25,98,107,200,24,125,145,172,140,24,29,29,28,25,24,28,27,21,21,18,24,200,17,23,24,21,20,23,27,20,19,17,18,18,22,95,107,125,17,200,111,127,129,25,29,34,26,24,23,25,23,24,95,95,145,23,111,200,148,119,25,29,34,26,23,21,25,23,25,101,107,172,24,127,148,200,135,21,23,28,21,20,17,19,17,23,91,108,140,21,129,119,135,200
200,91,63,51,46,42,43,44,32,29,18,24,24,20,24,24,18,91,200,126,89,73,89,95,108,34,31,20,31,29,24,29,30,20,63,126,200,131,117,85,86,92,40,34,24,35,29,27,33,34,24,51,89,131,200,162,75,76,78,34,29,19,27,28,21,26,26,18,46,73,117,162,200,62,61,61,34,29,18,25,26,20,25,24,18,42,89,85,75,62,200,74,84,29,26,15,21,24,17,22,21,14,43,95,86,76,61,74,200,82,30,26,16,27,28,19,25,25,16,44,108,92,78,61,84,82,200,28,24,15,24,27,19,23,23,14,32,34,40,34,34,29,30,28,200,31,20,24,21,23,24,25,21,29,31,34,29,29,26,26,24,31,200,89,97,20,97,90,97,86,18,20,24,19,18,15,16,15,20,89,200,106,18,102,91,103,98,24,31,35,27,25,21,27,24,24,97,106,200,25,126,138,171,133,24,29,29,28,26,24,28,27,21,20,18,25,200,18,23,24,18,20,24,27,21,20,17,19,19,23,97,102,126,18,200,107,127,127,24,29,33,26,25,22,25,23,24,90,91,138,23,107,200,143,111,24,30,34,26,24,21,25,23,25,97,103,171,24,127,143,200,126,18,20,24,18,18,14,16,14,21,86,98,133,18,127,111,126,200
200,93,63,46,43,41,43,41,33,32,22,24,26,20,24,25,23,93,200,120,90,73,86,91,101,34,35,26,31,31,25,29,30,26,63,120,200,133,116,85,84,90,39,38,30,35,32,29,34,35,31,46,90,133,200,158,75,78,79,34,32,23,27,30,21,26,27,24,43,73,116,158,200,62,61,59,34,32,23,26,28,21,25,26,24,41,86,85,75,62,200,72,81,30,28,20,23,27,18,23,24,21,43,91,84,78,61,72,200,81,31,30,22,28,31,20,27,26,23,41,101,90,79,59,81,81,200,29,28,21,25,30,20,24,24,21,33,34,39,34,34,30,31,29,200,31,22,23,23,21,23,24,22,32,35,38,32,32,28,30,28,31,200,93,99,24,99,93,103,99,22,26,30,23,23,20,22,21,22,93,200,108,22,109,99,109,112,24,31,35,27,26,23,28,25,23,99,108,200,25,124,144,174,137,26,31,32,30,28,27,31,30,23,24,22,25,200,19,25,26,25,20,25,29,21,21,18,20,20,21,99,109,124,19,200,115,130,137,24,29,34,26,25,23,27,24,23,93,99,144,25,115,200,146,124,25,30,35,27,26,24,26,24,24,103,109,174,26,130,146,200,141,23,26,31,24,24,21,23,21,22,99,112,137,25,137,124,141,200
200,92,64,48,43,42,43,43,33,31,21,25,26,19,26,25,23,92,200,124,86,70,87,91,101,35,33,25,34,32,24,33,33,28,64,124,200,131,114,86,85,91,40,36,29,37,32,28,38,37,32,48,86,131,200,159,72,75,73,35,30,21,28,30,19,28,27,25,43,70,114,159,200,58,58,57,35,29,22,27,28,20,28,26,24,42,87,86,72,58,200,73,84,31,26,19,24,27,17,25,24,21,43,91,85,75,58,73,200,78,32,27,21,29,31,19,30,28,24,43,101,91,73,57,84,78,200,30,25,20,26,29,19,26,25,21,33,35,40,35,35,31,32,30,200,29,21,24,24,20,25,24,22,31,33,36,30,29,26,27,25,29,200,89,96,22,91,95,100,91,21,25,29,21,22,19,21,20,21,89,200,110,22,108,104,111,115,25,34,37,28,27,24,29,26,24,96,110,200,26,121,153,171,143,26,32,32,30,28,27,31,29,24,22,22,26,200,18,27,27,26,19,24,28,19,20,17,19,19,20,91,108,121,18,200,120,126,133,26,33,38,28,28,25,30,26,25,95,104,153,27,120,200,158,134,25,33,37,27,26,24,28,25,24,100,111,171,27,126,158,200,143,23,28,32,25,24,21,24,21,22,91,115,143,26,133,134,143,200
200,93,63,47,42,41,43,42,33,30,20,25,26,19,26,24,23,93,200,125,88,67,87,95,101,35,32,24,34,32,24,33,31,28,63,125,200,131,112,90,90,92,39,35,28,37,32,28,38,35,32,47,88,131,200,156,74,77,74,35,29,20,28,30,19,28,25,25,42,67,112,156,200,59,58,55,35,28,21,27,28,20,28,25,24,41,87,90,74,59,200,75,84,31,25,18,24,27,17,25,23,21,43,95,90,77,58,75,200,79,32,27,20,29,31,19,30,26,24,42,101,92,74,55,84,79,200,30,24,19,26,29,19,26,23,21,33,35,39,35,35,31,32,30,200,28,21,24,24,20,25,24,22,30,32,35,29,28,25,27,24,28,200,90,95,22,90,94,99,89,20,24,28,20,21,18,20,19,21,90,200,114,21,110,106,113,116,25,34,37,28,27,24,29,26,24,95,114,200,26,124,155,172,142,26,32,32,30,28,27,31,29,24,22,21,26,200,18,27,25,25,19,24,28,19,20,17,19,19,20,90,110,124,18,200,121,127,135,26,33,38,28,28,25,30,26,25,94,106,155,27,121,200,157,132,24,31,35,25,25,23,26,23,24,99,113,172,25,127,157,200,140,23,28,32,25,24,21,24,21,22,89,116,142,25,135,132,140,200
200,90,62,46,41,40,42,41,32,31,20,24,27,18,25,23,24,90,200,121,86,67,86,94,101,32,33,24,32,33,23,32,29,29,62,121,200,132,113,84,86,86,36,36,28,35,33,27,37,33,33,46,86,132,200,157,75,75,72,32,30,20,26,31,18,27,23,26,41,67,113,157,200,58,56,54,32,29,21,26,29,19,27,23,25,40,86,84,75,58,200,74,84,28,26,18,23,28,16,25,21,22,42,94,86,75,56,74,200,79,29,28,20,27,32,18,29,25,25,41,101,86,72,54,84,79,200,27,25,19,24,30,18,25,21,22,32,32,36,32,32,28,29,27,200,29,21,23,24,20,25,23,23,31,33,36,30,29,26,28,25,29,200,93,96,23,90,96,97,91,20,24,28,20,21,18,20,19,21,93,200,117,21,113,105,114,115,24,32,35,26,26,23,27,24,23,96,117,200,25,125,152,170,141,27,33,33,31,29,28,32,30,24,23,21,25,200,17,26,24,26,18,23,27,18,19,16,18,18,20,90,113,125,17,200,122,128,133,25,32,37,27,27,25,29,25,25,96,105,152,26,122,200,158,130,23,29,33,23,23,21,25,21,23,97,114,170,24,128,158,200,138,24,29,33,26,25,22,25,22,23,91,115,141,26,133,130,138,200
200,96,66,47,44,44,46,45,33,32,23,26,29,22,28,24,27,96,200,113,79,67,78,91,103,34,35,28,35,42,28,36,29,32,66,113,200,137,125,73,81,80,39,39,33,38,35,32,40,33,36,47,79,137,200,160,65,68,67,34,31,24,28,34,22,30,24,29,44,67,125,160,200,58,57,57,34,30,21,26,28,21,27,23,25,44,78,73,65,58,200,64,76,30,29,20,24,28,19,26,21,22,46,91,81,68,57,64,200,78,31,30,24,30,37,23,33,25,28,45,103,80,67,57,76,78,200,29,27,23,27,37,23,29,22,25,33,34,39,34,34,30,31,29,200,31,22,24,23,22,26,24,24,32,35,39,31,30,29,30,27,31,200,94,96,24,93,98,97,90,23,28,33,24,21,20,24,23,22,94,200,119,24,117,111,114,116,26,35,38,28,26,24,30,27,24,96,119,200,27,128,151,171,142,29,42,35,34,28,28,37,37,23,24,24,27,200,21,29,23,29,22,28,32,22,21,19,23,23,22,93,117,128,21,200,125,129,136,28,36,40,30,27,26,33,29,26,98,111,151,29,125,200,153,131,24,29,33,24,23,21,25,22,24,97,114,171,23,129,153,200,136,27,32,36,29,25,22,28,25,24,90,116,142,29,136,131,136,200
200,90,61,45,43,42,44,42,33,30,19,25,23,19,25,22,22,90,200,120,84,71,85,96,102,35,32,22,33,32,25,32,27,25,61,120,200,135,125,77,83,84,40,36,27,38,30,29,37,32,30,45,84,135,200,156,69,72,72,35,28,20,27,28,20,27,23,22,43,71,125,156,200,62,61,59,35,28,19,26,27,20,27,22,22,42,85,77,69,62,200,69,81,31,26,17,25,26,19,26,21,19,44,96,83,72,61,69,200,79,32,27,18,28,32,20,29,23,21,42,102,84,72,59,81,79,200,30,24,17,26,29,20,26,21,19,33,35,40,35,35,31,32,30,200,29,21,25,20,22,26,24,24,30,32,36,28,28,26,27,24,29,200,94,99,20,97,98,101,93,19,22,27,20,19,17,18,17,21,94,200,113,18,111,103,111,111,25,33,38,27,26,25,28,26,25,99,113,200,22,128,145,169,140,23,32,30,28,27,26,32,29,20,20,18,22,200,17,22,20,21,19,25,29,20,20,19,20,20,22,97,111,128,17,200,118,128,132,25,32,37,27,27,26,29,26,26,98,103,145,22,118,200,148,123,22,27,32,23,22,21,23,21,24,101,111,169,20,128,148,200,135,22,25,30,22,22,19,21,19,24,93,111,140,21,132,123,135,200
200,88,61,46,43,43,43,42,31,30,16,25,23,19,25,22,18,88,200,122,83,72,93,96,104,31,32,20,33,29,24,31,28,20,61,122,200,136,124,87,86,89,35,36,25,37,28,28,36,33,25,46,83,136,200,161,73,73,69,31,28,16,26,26,18,25,22,18,43,72,124,161,200,63,62,60,31,29,16,25,25,19,25,20,18,43,93,87,73,63,200,76,86,27,27,14,24,25,17,24,20,15,43,96,86,73,62,76,200,79,28,27,16,28,29,19,28,23,17,42,104,89,69,60,86,79,200,26,25,15,26,27,19,25,21,15,31,31,35,31,31,27,28,26,200,27,18,23,19,21,24,23,20,30,32,36,28,29,27,27,25,27,200,90,99,20,96,97,98,87,16,20,25,16,16,14,16,15,18,90,200,109,15,107,96,105,102,25,33,37,26,25,24,28,26,23,99,109,200,22,121,143,166,129,23,29,28,26,25,25,29,27,19,20,15,22,200,16,22,20,18,19,24,28,18,19,17,19,19,21,96,107,121,16,200,112,122,125,25,31,36,25,25,24,28,25,24,97,96,143,22,112,200,143,116,22,28,33,22,20,20,23,21,23,98,105,166,20,122,143,200,125,18,20,25,18,18,15,17,15,20,87,102,129,18,125,116,125,200
200,92,62,47,42,42,42,42,32,31,22,26,28,20,28,24,24,92,200,114,80,67,86,88,95,32,33,26,35,35,25,36,30,30,62,114,200,135,125,79,80,80,37,37,31,39,34,30,41,35,35,47,80,135,200,159,69,70,67,32,29,22,27,31,19,29,23,27,42,67,125,159,200,58,58,57,32,28,21,27,29,20,29,23,27,42,86,79,69,58,200,68,84,28,27,20,24,28,18,28,23,24,42,88,80,70,58,68,200,72,29,28,22,30,35,20,33,25,27,42,95,80,67,57,84,72,200,27,25,21,27,32,21,29,22,24,32,32,37,32,32,28,29,27,200,29,22,24,23,21,27,24,24,31,33,37,29,28,27,28,25,29,200,96,99,23,98,101,103,93,22,26,31,22,21,20,22,21,22,96,200,112,22,113,105,110,112,26,35,39,27,27,24,30,27,24,99,112,200,27,125,153,165,144,28,35,34,31,29,28,35,32,23,23,22,27,200,19,28,24,26,20,25,30,19,20,18,20,21,21,98,113,125,19,200,123,131,133,28,36,41,29,29,28,33,29,27,101,105,153,28,123,200,157,134,24,30,35,23,23,23,25,22,24,103,110,165,24,131,157,200,138,24,30,35,27,27,24,27,24,24,93,112,144,26,133,134,138,200
200,93,62,47,42,42,44,43,32,32,22,27,28,20,28,24,26,93,200,113,83,68,85,88,99,32,34,26,36,35,24,35,29,32,62,113,200,135,123,78,81,79,37,39,32,41,34,29,42,35,37,47,83,135,200,163,69,71,69,32,31,22,28,30,20,29,24,28,42,68,123,163,200,59,58,57,31,29,22,26,28,20,28,23,26,42,85,78,69,59,200,66,81,29,27,20,24,27,18,27,22,24,44,88,81,71,58,66,200,74,30,28,22,31,34,19,32,25,28,43,99,79,69,57,81,74,200,28,26,21,28,32,19,28,22,25,32,32,37,32,31,29,30,28,200,29,22,25,24,22,27,24,26,32,34,39,31,29,27,28,26,29,200,97,100,23,97,100,102,96,22,26,32,22,22,20,22,21,22,97,200,115,22,113,106,110,115,27,36,41,28,26,24,31,28,25,100,115,200,28,125,153,169,143,28,35,34,30,28,27,34,32,24,23,22,28,200,18,27,24,27,20,24,29,20,20,18,19,19,22,97,113,125,18,200,124,130,135,28,35,42,29,28,27,32,28,27,100,106,153,27,124,200,155,135,24,29,35,24,23,22,25,22,24,102,110,169,24,130,155,200,138,26,32,37,28,26,24,28,25,26,96,115,143,27,135,135,138,200
200,92,63,46,42,42,45,43,33,31,22,26,28,20,27,21,26,92,200,117,81,68,87,95,99,34,33,26,33,35,25,34,24,30,63,117,200,131,119,80,84,81,39,39,32,39,35,30,41,30,36,46,81,131,200,161,69,72,69,34,31,22,26,30,20,28,19,27,42,68,119,161,200,57,60,56,34,28,21,25,28,20,27,19,26,42,87,80,69,57,200,70,84,30,27,20,22,27,18,26,17,23,45,95,84,72,60,70,200,77,31,29,22,29,34,20,31,21,26,43,99,81,69,56,84,77,200,29,26,21,26,32,20,27,17,23,33,34,39,34,34,30,31,29,200,30,23,26,24,23,28,23,27,31,33,39,31,28,27,29,26,30,200,95,99,23,99,100,98,95,22,26,32,22,21,20,22,21,23,95,200,113,22,112,106,111,115,26,33,39,26,25,22,29,26,26,99,113,200,27,128,155,165,142,28,35,35,30,28,27,34,32,24,23,22,27,200,19,27,20,26,20,25,30,20,20,18,20,20,23,99,112,128,19,200,128,132,138,27,34,41,28,27,26,31,27,28,100,106,155,27,128,200,156,135,21,24,30,19,19,17,21,17,23,98,111,165,20,132,156,200,137,26,30,36,27,26,23,26,23,27,95,115,142,26,138,135,137,200
200,94,62,48,41,41,44,41,31,33,24,26,27,20,26,22,26,94,200,118,80,69,85,92,99,32,35,28,33,34,24,33,25,29,62,118,200,131,120,79,82,81,37,39,34,39,33,29,40,31,35,48,80,131,200,159,66,68,66,32,30,24,25,29,19,26,20,26,41,69,120,159,200,59,61,57,31,29,24,24,27,20,26,20,24,41,85,79,66,59,200,66,80,28,27,22,22,26,18,25,18,22,44,92,82,68,61,66,200,76,29,29,24,29,33,19,30,21,25,41,99,81,66,57,80,76,200,27,26,22,27,32,19,27,19,23,31,32,37,32,31,28,29,27,200,28,23,24,22,22,25,22,25,33,35,39,30,29,27,29,26,28,200,98,99,23,99,99,101,94,24,28,34,24,24,22,24,22,23,98,200,116,23,112,107,115,114,26,33,39,25,24,22,29,27,24,99,116,200,27,127,151,167,140,27,34,33,29,27,26,33,32,22,23,23,27,200,18,27,21,25,20,24,29,19,20,18,19,19,22,99,112,127,18,200,125,131,138,26,33,40,26,26,25,30,27,25,99,107,151,27,125,200,153,130,22,25,31,20,20,18,21,19,22,101,115,167,21,131,153,200,138,26,29,35,26,24,22,25,23,25,94,114,140,25,138,130,138,200
200,108,85,60,55,54,56,53,44,31,23,26,26,20,28,22,23,108,200,132,92,78,95,106,110,47,34,26,32,31,23,34,25,25,85,132,200,141,126,89,96,94,54,41,31,36,29,29,38,29,31,60,92,141,200,161,79,84,80,47,32,24,26,29,20,28,22,24,55,78,126,161,200,70,71,71,46,30,23,25,26,20,28,22,23,54,95,89,79,70,200,85,94,44,29,22,24,26,19,28,20,21,56,106,96,84,71,85,200,97,45,31,23,30,31,20,33,23,24,53,110,94,80,71,94,97,200,43,28,20,26,29,19,28,19,21,44,47,54,47,46,44,45,43,200,30,24,26,23,23,28,25,25,31,34,41,32,30,29,31,28,30,200,97,100,24,99,105,101,92,23,26,31,24,23,22,23,20,24,97,200,116,22,116,109,118,115,26,32,36,26,25,24,30,26,26,100,116,200,25,125,152,169,139,26,31,29,29,26,26,31,29,23,24,22,25,200,19,26,21,24,20,23,29,20,20,19,20,19,23,99,116,125,19,200,127,132,133,28,34,38,28,28,28,33,28,28,105,109,152,26,127,200,153,129,22,25,29,22,22,20,23,19,25,101,118,169,21,132,153,200,139,23,25,31,24,23,21,24,21,25,92,115,139,24,133,129,139,200
200,101,82,53,49,48,50,47,36,30,15,26,24,20,25,22,19,101,200,137,91,80,93,104,112,42,33,18,33,29,23,30,26,21,82,137,200,134,122,86,94,92,49,40,25,38,28,29,36,32,27,53,91,134,200,163,76,81,78,42,30,16,26,27,19,25,22,20,49,80,122,163,200,68,73,71,42,29,16,26,26,19,25,22,20,48,93,86,76,68,200,82,91,38,28,14,24,24,18,24,20,17,50,104,94,81,73,82,200,96,39,29,15,28,28,18,28,23,19,47,112,92,78,71,91,96,200,37,27,14,27,27,19,25,21,17,36,42,49,42,42,38,39,37,200,28,21,25,20,22,25,24,22,30,33,40,30,29,28,29,27,28,200,93,102,22,101,101,104,92,15,18,25,16,16,14,15,14,21,93,200,109,15,109,100,110,106,26,33,38,26,26,24,28,27,25,102,109,200,24,125,146,165,132,24,29,28,27,26,24,28,27,20,22,15,24,200,18,22,21,22,20,23,29,19,19,18,18,19,22,101,109,125,18,200,121,130,128,25,30,36,25,25,24,28,25,25,101,100,146,22,121,200,145,121,22,26,32,22,22,20,23,21,24,104,110,165,21,130,145,200,133,19,21,27,20,20,17,19,17,22,92,106,132,22,128,121,133,200
200,99,75,51,46,44,47,44,32,30,14,25,22,19,26,24,16,99,200,134,94,77,98,100,110,34,34,14,31,26,21,31,27,18,75,134,200,136,121,91,97,96,40,40,20,37,26,27,37,33,25,51,94,136,200,161,82,86,83,34,30,13,25,24,18,26,22,17,46,77,121,161,200,69,73,71,34,29,13,25,24,18,26,22,17,44,98,91,82,69,200,84,98,30,28,11,22,21,17,24,19,14,47,100,97,86,73,84,200,94,31,30,11,27,25,17,28,24,16,44,110,96,83,71,98,94,200,29,28,10,26,24,17,26,22,14,32,34,40,34,34,30,31,29,200,28,18,24,18,21,26,24,21,30,34,40,30,29,28,30,28,28,200,90,100,21,97,102,105,88,14,14,20,13,13,11,11,10,18,90,200,106,13,105,96,106,103,25,31,37,25,25,22,27,26,24,100,106,200,23,122,143,164,128,22,26,26,24,24,21,25,24,18,21,13,23,200,16,22,20,18,19,21,27,18,18,17,17,17,21,97,105,122,16,200,118,126,123,26,31,37,26,26,24,28,26,26,102,96,143,22,118,200,145,117,24,27,33,22,22,19,24,22,24,105,106,164,20,126,145,200,127,16,18,25,17,17,14,16,14,21,88,103,128,18,123,117,127,200
200,102,75,54,47,45,48,44,33,30,21,26,28,20,28,22,24,102,200,131,95,79,98,100,107,34,33,26,33,35,24,34,25,26,75,131,200,141,123,91,97,94,40,39,31,37,33,29,39,30,32,54,95,141,200,161,81,87,81,34,30,23,27,32,20,29,22,25,47,79,123,161,200,69,72,70,33,28,22,26,29,20,29,22,24,45,98,91,81,69,200,82,94,31,28,20,24,29,18,27,19,21,48,100,97,87,72,82,200,93,32,29,23,30,35,20,31,23,25,44,107,94,81,70,94,93,200,30,27,22,28,33,20,29,20,22,33,34,40,34,33,31,32,30,200,28,22,25,24,22,27,23,24,30,33,39,30,28,28,29,27,28,200,86,94,24,94,99,96,89,21,26,31,23,22,20,23,22,22,86,200,116,22,114,106,110,114,26,33,37,27,26,24,30,28,25,94,116,200,27,127,152,165,141,28,35,33,32,29,29,35,33,24,24,22,27,200,19,28,22,27,20,24,29,20,20,18,20,20,22,94,114,127,19,200,126,131,133,28,34,39,29,29,27,31,29,27,99,106,152,28,126,200,152,130,22,25,30,22,22,19,23,20,23,96,110,165,22,131,152,200,135,24,26,32,25,24,21,25,22,24,89,114,141,27,133,130,135,200
200,102,76,52,45,45,47,43,32,29,22,26,28,19,27,22,24,102,200,129,91,75,94,95,103,33,32,26,32,34,22,33,26,26,76,129,200,136,122,89,94,92,40,39,34,39,33,30,40,32,33,52,91,136,200,161,79,84,80,33,29,24,27,32,20,28,22,26,45,75,122,161,200,68,71,69,33,27,22,26,29,20,28,22,25,45,94,89,79,68,200,79,94,31,27,21,24,29,18,27,21,22,47,95,94,84,71,79,200,90,32,29,25,31,36,20,33,26,28,43,103,92,80,69,94,90,200,29,26,23,28,33,19,29,21,23,32,33,40,33,33,31,32,29,200,28,22,24,23,22,26,24,24,29,32,39,29,27,27,29,26,28,200,90,96,25,96,100,99,91,22,26,34,24,22,21,25,23,22,90,200,113,23,113,106,109,114,26,32,39,27,26,24,31,28,24,96,113,200,27,124,154,166,140,28,34,33,32,29,29,36,33,23,25,23,27,200,19,28,23,26,19,22,30,20,20,18,20,19,22,96,113,124,19,200,128,128,134,27,33,40,28,28,27,33,29,26,100,106,154,28,128,200,157,133,22,26,32,22,22,21,26,21,24,99,109,166,23,128,157,200,136,24,26,33,26,25,22,28,23,24,91,114,140,26,134,133,136,200
200,102,74,50,42,42,45,41,30,29,21,26,28,19,27,22,24,102,200,125,85,71,89,94,101,32,32,23,33,36,22,34,26,28,74,125,200,132,118,87,94,93,38,38,29,37,33,28,38,31,32,50,85,132,200,159,77,85,76,32,29,22,28,33,19,29,22,27,42,71,118,159,200,66,71,69,31,27,20,26,29,19,28,22,25,42,89,87,77,66,200,77,93,30,27,20,24,29,18,27,20,22,45,94,94,85,71,77,200,89,31,29,21,31,37,19,33,25,29,41,101,93,76,69,93,89,200,28,26,19,28,34,18,29,20,24,30,32,38,32,31,30,31,28,200,28,22,24,23,22,26,24,24,29,32,38,29,27,27,29,26,28,200,95,97,25,97,100,99,93,21,23,29,22,20,20,21,19,22,95,200,114,21,112,105,110,114,26,33,37,28,26,24,31,28,24,97,114,200,28,127,154,163,143,28,36,33,33,29,29,37,34,23,25,21,28,200,18,29,23,27,19,22,28,19,19,18,19,18,22,97,112,127,18,200,126,129,130,27,34,38,29,28,27,33,29,26,100,105,154,29,126,200,157,135,22,26,31,22,22,20,25,20,24,99,110,163,23,129,157,200,135,24,28,32,27,25,22,29,24,24,93,114,143,27,130,135,135,200
200,102,72,48,40,40,42,39,29,28,19,24,27,19,27,21,24,102,200,128,86,71,86,92,98,32,31,22,32,36,23,33,25,28,72,128,200,131,118,88,95,95,37,37,28,38,35,29,39,31,34,48,86,131,200,159,74,81,78,32,28,21,27,33,19,29,22,27,40,71,118,159,200,65,69,68,31,26,20,25,29,19,28,21,25,40,86,88,74,65,200,76,91,30,26,19,23,29,18,26,20,22,42,92,95,81,69,76,200,90,31,28,20,30,37,20,33,25,29,39,98,95,78,68,91,90,200,28,25,18,27,34,19,28,20,24,29,32,37,32,31,30,31,28,200,28,22,24,23,22,27,24,24,28,31,37,28,26,26,28,25,28,200,90,96,24,98,100,100,94,19,22,28,21,20,19,20,18,22,90,200,109,20,110,101,107,111,24,32,38,27,25,23,30,27,24,96,109,200,28,123,153,166,144,27,36,35,33,29,29,37,34,23,24,20,28,200,19,29,24,27,19,23,29,19,19,18,20,19,22,98,110,123,19,200,124,129,130,27,33,39,29,28,26,33,28,27,100,101,153,29,124,200,158,136,21,25,31,22,21,20,25,20,24,100,107,166,24,129,158,200,139,24,28,34,27,25,22,29,24,24,94,111,144,27,130,136,139,200
200,98,68,43,39,37,36,35,27,24,17,23,23,18,23,19,22,98,200,120,80,66,81,89,90,31,28,20,32,34,22,30,24,25,68,120,200,131,114,77,87,84,36,34,26,36,31,27,34,27,30,43,80,131,200,154,67,76,70,31,26,19,25,29,18,24,19,23,39,66,114,154,200,59,61,58,30,24,18,25,27,18,24,19,23,37,81,77,67,59,200,70,78,28,23,17,22,27,17,22,18,20,36,89,87,76,61,70,200,82,29,25,17,28,33,17,28,22,23,35,90,84,70,58,78,82,200,26,22,16,25,30,17,24,18,19,27,31,36,31,30,28,29,26,200,28,22,25,22,22,26,23,25,24,28,34,26,24,23,25,22,28,200,92,97,21,97,101,100,93,17,20,26,19,18,17,17,16,22,92,200,111,18,108,103,109,110,23,32,36,25,25,22,28,25,25,97,111,200,26,121,154,161,139,23,34,31,29,27,27,33,30,22,21,18,26,200,17,25,20,25,18,22,27,18,18,17,17,17,22,97,108,121,17,200,124,123,125,23,30,34,24,24,22,28,24,26,101,103,154,25,124,200,159,131,19,24,27,19,19,18,22,18,23,100,109,161,20,123,159,200,134,22,25,30,23,23,20,23,19,25,93,110,139,25,125,131,134,200
200,100,71,43,39,38,39,35,29,25,16,23,22,17,23,20,20,100,200,122,82,66,83,86,87,33,28,18,31,30,21,29,25,23,71,122,200,123,110,80,87,81,38,34,24,37,29,26,35,31,30,43,82,123,200,156,70,74,71,32,25,16,24,27,16,23,20,21,39,66,110,156,200,61,63,58,32,24,16,24,26,16,23,20,21,38,83,80,70,61,200,73,79,29,22,14,23,25,15,22,18,18,39,86,87,74,63,73,200,74,30,24,14,27,29,15,25,22,20,35,87,81,71,58,79,74,200,28,20,13,24,27,16,22,18,17,29,33,38,32,32,29,30,28,200,29,22,26,21,22,27,25,24,25,28,34,25,24,22,24,20,29,200,92,100,20,97,101,104,94,16,18,24,16,16,14,14,13,22,92,200,109,16,107,100,110,108,23,31,37,24,24,23,27,24,26,100,109,200,24,118,149,162,138,22,30,29,27,26,25,29,27,21,20,16,24,200,15,23,20,22,17,21,26,16,16,15,15,16,22,97,107,118,15,200,120,125,123,23,29,35,23,23,22,25,22,27,101,100,149,23,120,200,152,126,20,25,31,20,20,18,22,18,25,104,110,162,20,125,152,200,135,20,23,30,21,21,18,20,17,24,94,108,138,22,123,126,135,200
200,95,64,44,39,36,37,35,28,24,16,22,20,17,23,20,16,95,200,123,87,71,85,83,92,31,26,17,30,26,21,29,25,18,64,123,200,128,114,87,85,85,36,32,23,36,26,26,35,31,25,44,87,128,200,163,76,74,74,30,25,16,24,25,17,24,21,17,39,71,114,163,200,63,65,63,30,24,16,23,24,17,24,20,17,36,85,87,76,63,200,71,87,27,22,14,21,22,16,22,18,14,37,83,85,74,65,71,200,79,28,23,14,26,25,16,27,22,16,35,92,85,74,63,87,79,200,26,20,13,25,24,16,24,20,14,28,31,36,30,30,27,28,26,200,28,22,25,20,23,27,25,22,24,26,32,25,24,22,23,20,28,200,91,96,18,97,99,98,88,16,17,23,16,16,14,14,13,22,91,200,108,16,107,97,106,103,22,30,36,24,23,21,26,25,25,96,108,200,21,120,145,162,130,20,26,26,25,24,22,25,24,20,18,16,21,200,16,21,18,18,17,21,26,17,17,16,16,16,23,97,107,120,16,200,119,124,119,23,29,35,24,24,22,27,24,27,99,97,145,21,119,200,148,116,20,25,31,21,20,18,22,20,25,98,106,162,18,124,148,200,123,16,18,25,17,17,14,16,14,22,88,103,130,18,119,116,123,200
200,97,73,49,42,41,43,38,28,26,21,26,28,20,27,22,26,97,200,124,89,68,91,91,91,30,30,28,35,38,24,37,27,31,73,124,200,130,115,83,93,82,35,36,34,40,36,30,42,32,37,49,89,130,200,158,78,80,76,29,27,24,30,34,20,32,23,29,42,68,115,158,200,62,66,61,27,25,22,27,30,20,31,22,27,41,91,83,78,62,200,76,85,27,25,22,26,31,19,29,21,25,43,91,93,80,66,76,200,87,29,27,26,32,38,21,35,25,31,38,91,82,76,61,85,87,200,25,24,23,28,33,20,30,20,25,28,30,35,29,27,27,29,25,200,28,23,26,25,21,26,24,25,26,30,36,27,25,25,27,24,28,200,87,94,23,94,96,97,92,21,28,34,24,22,22,26,23,23,87,200,116,25,110,105,108,115,26,35,40,30,27,26,32,28,26,94,116,200,30,125,154,163,148,28,38,36,34,30,31,38,33,25,23,25,30,200,20,30,25,30,20,24,30,20,20,19,21,20,21,94,110,125,20,200,124,128,128,27,37,42,32,31,29,35,30,26,96,105,154,30,124,200,152,137,22,27,32,23,22,21,25,20,24,97,108,163,25,128,152,200,134,26,31,37,29,27,25,31,25,25,92,115,148,30,128,137,134,200
200,100,73,49,45,43,44,39,29,26,23,27,30,20,29,23,27,100,200,126,90,69,92,93,90,31,30,27,35,39,24,37,28,32,73,126,200,134,116,92,93,82,36,36,33,40,37,30,42,33,38,49,90,134,200,159,81,81,75,30,27,25,29,35,20,32,24,30,45,69,116,159,200,64,65,61,29,26,24,27,32,20,31,23,28,43,92,92,81,64,200,80,86,29,26,24,27,33,20,30,23,27,44,93,93,81,65,80,200,83,29,27,25,32,38,21,36,27,31,39,90,82,75,61,86,83,200,26,24,23,28,34,20,30,21,26,29,31,36,30,29,29,29,26,200,28,24,26,26,22,27,25,26,26,30,36,27,26,26,27,24,28,200,91,95,24,94,99,101,94,23,27,33,25,24,24,25,23,24,91,200,112,26,110,106,108,117,27,35,40,29,27,27,32,28,26,95,112,200,29,120,155,166,144,30,39,37,35,32,33,38,34,26,24,26,29,200,21,31,25,31,20,24,30,20,20,20,21,20,22,94,110,120,21,200,122,126,125,29,37,42,32,31,30,36,30,27,99,106,155,31,122,200,158,138,23,28,33,24,23,23,27,21,25,101,108,166,25,126,158,200,137,27,32,38,30,28,27,31,26,26,94,117,144,31,125,138,137,200
200,100,70,46,42,42,43,39,30,27,21,26,28,20,27,22,24,100,200,124,87,67,89,93,89,33,30,27,35,38,23,35,27,29,70,124,200,130,115,88,92,80,39,36,33,41,37,29,41,33,35,46,87,130,200,157,76,79,75,32,28,24,30,35,20,30,23,27,42,67,115,157,200,61,66,61,30,26,22,27,30,20,29,22,24,42,89,88,76,61,200,77,85,31,27,23,27,32,20,29,22,23,43,93,92,79,66,77,200,83,31,27,25,33,39,20,34,26,29,39,89,80,75,61,85,83,200,28,24,23,28,34,19,28,20,24,30,33,39,32,30,31,31,28,200,29,24,26,25,22,27,25,25,27,30,36,28,26,27,27,24,29,200,90,95,24,97,102,103,96,21,27,33,24,22,23,25,23,24,90,200,109,24,110,103,106,114,26,35,41,30,27,27,33,28,26,95,109,200,31,118,151,162,141,28,38,37,35,30,32,39,34,25,24,24,31,200,19,31,25,30,20,23,29,20,20,20,20,19,22,97,110,118,19,200,122,127,126,27,35,41,30,29,29,34,28,27,102,103,151,31,122,200,155,133,22,27,33,23,22,22,26,20,25,103,106,162,25,127,155,200,137,24,29,35,27,24,23,29,24,25,96,114,141,30,126,133,137,200
200,99,69,46,42,39,42,38,29,27,22,26,28,20,26,21,25,99,200,122,85,65,87,88,91,32,30,28,34,37,24,33,25,31,69,122,200,129,114,85,89,81,38,36,34,41,37,30,39,31,37,46,85,129,200,155,73,76,74,31,28,25,30,35,20,29,22,29,42,65,114,155,200,58,63,58,30,26,23,27,30,20,28,21,27,39,87,85,73,58,200,72,85,29,26,23,26,31,19,27,20,25,42,88,89,76,63,72,200,78,30,27,26,32,38,21,33,25,31,38,91,81,74,58,85,78,200,27,24,23,28,34,19,27,20,26,29,32,38,31,30,29,30,27,200,30,24,26,25,21,27,24,25,27,30,36,28,26,26,27,24,30,200,92,94,23,96,100,102,94,22,28,34,25,23,23,26,23,24,92,200,111,24,110,106,108,116,26,34,41,30,27,26,32,28,26,94,111,200,31,118,153,163,140,28,37,37,35,30,31,38,34,25,23,24,31,200,20,31,25,32,20,24,30,20,20,19,21,19,21,96,110,118,20,200,124,126,123,26,33,39,29,28,27,33,27,27,100,106,153,31,124,200,155,137,21,25,31,22,21,20,25,20,24,102,108,163,25,126,155,200,132,25,31,37,29,27,25,31,26,25,94,116,140,32,123,137,132,200
200,102,70,37,34,32,35,33,27,22,19,21,25,17,21,19,21,102,200,122,81,62,73,87,85,35,29,25,34,35,25,33,25,28,70,122,200,126,112,71,80,74,40,35,31,39,34,30,39,31,34,37,81,126,200,155,68,75,70,34,27,23,28,33,21,29,22,26,34,62,112,155,200,56,59,54,33,25,22,28,31,21,29,22,26,32,73,71,68,56,200,70,75,31,25,21,27,30,20,27,20,23,35,87,80,75,59,70,200,78,32,25,22,32,35,20,32,23,27,33,85,74,70,54,75,78,200,29,23,21,29,32,21,28,20,23,27,35,40,34,33,31,32,29,200,30,26,28,26,23,29,27,27,22,29,35,27,25,25,25,23,30,200,96,95,24,99,100,103,97,19,25,31,23,22,21,22,21,26,96,200,112,23,111,106,110,115,21,34,39,28,28,27,32,29,28,95,112,200,27,118,151,165,137,25,35,34,33,31,30,35,32,26,24,23,27,200,19,29,23,28,17,25,30,21,21,20,20,21,23,99,111,118,19,200,122,123,126,21,33,39,29,29,27,32,28,29,100,106,151,29,122,200,153,133,19,25,31,22,22,20,23,20,27,103,110,165,23,123,153,200,135,21,28,34,26,26,23,27,23,27,97,115,137,28,126,133,135,200
200,99,64,37,36,32,32,32,29,23,17,22,20,17,22,20,17,99,200,121,82,67,76,86,88,36,27,21,34,28,23,32,26,21,64,121,200,122,109,76,83,78,41,35,29,41,29,30,40,34,29,37,82,122,200,156,64,71,68,35,26,20,28,26,20,28,22,20,36,67,109,156,200,56,60,56,35,25,20,27,26,19,27,22,20,32,76,76,64,56,200,70,77,31,23,18,26,24,18,26,20,16,32,86,83,71,60,70,200,75,32,24,18,30,28,18,29,23,19,32,88,78,68,56,77,75,200,30,21,17,29,27,19,27,21,17,29,36,41,35,35,31,32,30,200,30,24,27,21,23,28,27,24,23,27,35,26,25,23,24,21,30,200,92,96,20,102,102,106,93,17,21,29,20,20,18,18,17,24,92,200,108,20,107,101,109,108,22,34,41,28,27,26,30,29,27,96,108,200,25,119,148,163,133,20,28,29,26,26,24,28,27,21,20,20,25,200,17,24,22,22,17,23,30,20,19,18,18,19,23,102,107,119,17,200,119,125,125,22,32,40,28,27,26,29,27,28,102,101,148,24,119,200,150,124,20,26,34,22,22,20,23,21,27,106,109,163,22,125,150,200,131,17,21,29,20,20,16,19,17,24,93,108,133,22,125,124,131,200
200,96,61,39,37,35,35,35,27,22,16,23,19,17,22,19,15,96,200,125,82,64,84,86,94,34,27,19,35,26,23,32,27,20,61,125,200,122,106,86,86,88,38,32,24,40,26,27,37,32,26,39,82,122,200,154,70,74,70,33,25,18,30,24,19,27,23,19,37,64,106,154,200,55,57,55,33,25,18,29,24,19,27,22,19,35,84,86,70,55,200,71,88,29,24,16,26,21,18,25,20,16,35,86,86,74,57,71,200,79,30,23,16,32,25,18,29,24,18,35,94,88,70,55,88,79,200,28,22,15,30,24,19,27,22,16,27,34,38,33,33,29,30,28,200,29,23,27,21,22,27,26,23,22,27,32,25,25,24,23,22,29,200,93,98,19,101,99,104,90,16,19,24,18,18,16,16,15,23,93,200,108,18,108,98,107,108,23,35,40,30,29,26,32,30,27,98,108,200,24,118,149,161,129,19,26,26,24,24,21,25,24,21,19,18,24,200,17,23,21,20,17,23,27,19,19,18,18,19,22,101,108,118,17,200,116,121,119,22,32,37,27,27,25,29,27,27,99,98,149,23,116,200,146,119,19,27,32,23,22,20,24,22,26,104,107,161,21,121,146,200,126,15,20,26,19,19,16,18,16,23,90,108,129,20,119,119,126,200
200,101,64,39,38,37,37,37,27,22,18,21,24,19,22,18,20,101,200,121,81,65,83,86,88,34,27,23,34,37,25,34,25,31,64,121,200,125,112,87,87,86,39,34,30,40,36,32,41,31,36,39,81,125,200,159,73,74,69,33,26,22,28,33,21,29,21,28,38,65,112,159,200,60,62,58,32,25,21,27,30,21,28,21,26,37,83,87,73,60,200,69,85,31,24,20,26,31,20,27,19,24,37,86,87,74,62,69,200,78,32,25,21,31,38,21,32,23,30,37,88,86,69,58,85,78,200,28,22,19,28,34,21,28,20,25,27,34,39,33,32,31,32,28,200,27,22,25,25,21,26,23,25,22,27,34,26,25,24,25,22,27,200,88,91,24,96,94,96,92,18,23,30,22,21,20,21,19,22,88,200,111,22,111,104,107,114,21,34,40,28,27,26,31,28,25,91,111,200,29,122,152,163,141,24,37,36,33,30,31,38,34,25,24,22,29,200,20,29,24,31,19,25,32,21,21,20,21,21,21,96,111,122,20,200,121,127,127,22,34,41,29,28,27,32,28,26,94,104,152,29,121,200,150,133,18,25,31,21,21,19,23,20,23,96,107,163,24,127,150,200,130,20,31,36,28,26,24,30,25,25,92,114,141,31,127,133,130,200
200,101,64,44,41,39,41,38,28,25,20,22,26,19,24,19,22,101,200,120,86,66,84,87,90,33,29,25,33,38,25,34,26,29,64,120,200,129,112,85,88,86,38,37,33,41,37,33,42,34,37,44,86,129,200,158,75,75,74,32,28,23,27,33,21,29,22,27,41,66,112,158,200,59,60,58,32,27,23,26,31,21,28,21,25,39,84,85,75,59,200,68,85,31,25,21,25,31,20,27,20,23,41,87,88,75,60,68,200,78,32,27,23,30,38,21,32,24,28,38,90,86,74,58,85,78,200,28,23,21,28,34,21,28,20,23,28,33,38,32,32,31,32,28,200,30,24,25,25,22,27,25,26,25,29,37,28,27,25,27,23,30,200,90,92,25,96,97,99,94,20,25,33,23,23,21,23,21,24,90,200,113,24,112,108,108,115,22,33,41,27,26,25,30,28,25,92,113,200,29,123,156,163,141,26,38,37,33,31,31,38,34,25,25,24,29,200,20,30,24,28,19,25,33,21,21,20,21,21,22,96,112,123,20,200,122,125,127,24,34,42,29,28,27,32,28,27,97,108,156,30,122,200,155,136,19,26,34,22,21,20,24,20,25,99,108,163,24,125,155,200,135,22,29,37,27,25,23,28,23,26,94,115,141,28,127,136,135,200
200,97,66,44,40,38,42,37,27,26,19,21,24,18,22,18,21,97,200,123,84,67,81,87,94,32,30,25,33,36,25,32,25,29,66,123,200,129,115,80,86,82,37,38,33,41,36,32,40,33,36,44,84,129,200,158,69,73,71,31,29,23,27,32,20,27,21,26,40,67,115,158,200,60,60,59,31,28,23,26,30,20,27,20,24,38,81,80,69,60,200,68,81,30,26,21,25,30,19,25,19,22,42,87,86,73,60,68,200,78,31,28,23,30,37,20,31,23,28,37,94,82,71,59,81,78,200,27,24,21,27,33,21,26,20,23,27,32,37,31,31,30,31,27,200,29,22,24,24,21,26,23,24,26,30,38,29,28,26,28,24,29,200,89,90,25,97,96,99,91,19,25,33,23,23,21,23,21,22,89,200,114,22,112,106,109,114,21,33,41,27,26,25,30,27,24,90,114,200,27,122,151,164,137,24,36,36,32,30,30,37,33,24,25,22,27,200,19,28,24,28,18,25,32,20,20,19,20,21,21,97,112,122,19,200,124,125,128,22,32,40,27,27,25,31,26,26,96,106,151,28,124,200,152,133,18,25,33,21,20,19,23,20,23,99,109,164,24,125,152,200,133,21,29,36,26,24,22,28,23,24,91,114,137,28,128,133,133,200
200,97,65,47,42,39,43,39,23,26,19,24,26,17,23,18,21,97,200,122,83,68,79,86,89,26,29,24,35,36,24,33,25,28,65,122,200,127,116,78,84,81,31,38,33,44,35,32,43,34,36,47,83,127,200,158,68,71,70,25,28,22,29,32,19,28,21,25,42,68,116,158,200,60,61,59,25,27,22,27,30,19,27,20,23,39,79,78,68,60,200,68,80,24,25,20,26,30,18,26,19,21,43,86,84,71,61,68,200,75,25,27,22,32,37,19,32,24,27,39,89,81,70,59,80,75,200,22,23,20,28,33,20,27,20,22,23,26,31,25,25,24,25,22,200,26,21,24,21,20,25,22,22,26,29,38,28,27,25,27,23,26,200,91,94,25,97,96,102,94,19,24,33,22,22,20,22,20,21,91,200,113,23,111,105,111,116,24,35,44,29,27,26,32,28,24,94,113,200,29,122,152,160,138,26,36,35,32,30,30,37,33,21,25,23,29,200,18,29,24,27,17,24,32,19,19,18,19,20,20,97,111,122,18,200,122,128,126,23,33,43,28,27,26,32,27,25,96,105,152,29,122,200,153,129,18,25,34,21,20,19,24,20,22,102,111,160,24,128,153,200,131,21,28,36,25,23,21,27,22,22,94,116,138,27,126,129,131,200
200,95,61,40,36,34,36,33,24,23,18,22,24,16,23,19,20,95,200,111,81,64,80,82,90,27,29,23,34,34,23,32,25,27,61,111,200,129,117,76,78,79,32,38,32,40,31,30,40,33,33,40,81,129,200,161,68,68,69,26,28,22,27,30,18,27,21,23,36,64,117,161,200,58,56,57,26,27,21,27,28,19,27,21,22,34,80,76,68,58,200,65,80,25,26,20,26,29,18,25,19,20,36,82,78,68,56,65,200,71,25,27,21,31,35,18,31,23,26,33,90,79,69,57,80,71,200,23,24,19,28,32,19,26,20,21,24,27,32,26,26,25,25,23,200,27,22,24,21,20,26,23,22,23,29,38,28,27,26,27,24,27,200,94,97,25,98,101,103,93,18,23,32,22,21,20,21,19,22,94,200,114,22,109,107,111,114,22,34,40,27,27,26,31,28,24,97,114,200,27,125,153,165,136,24,34,31,30,28,29,35,32,21,25,22,27,200,17,27,23,26,16,23,30,18,19,18,18,19,20,98,109,125,17,200,123,127,124,23,32,40,27,27,25,31,26,26,101,107,153,27,123,200,155,129,19,25,33,21,21,19,23,20,23,103,111,165,23,127,155,200,134,20,27,33,23,22,20,26,21,22,93,114,136,26,124,129,134,200
200,89,64,42,41,35,38,36,26,24,20,24,22,19,24,20,20,89,200,121,82,67,83,90,95,29,26,24,34,28,25,32,25,22,64,121,200,129,118,77,80,80,34,35,32,42,28,32,40,33,31,42,82,129,200,160,65,69,69,28,25,22,28,26,20,27,20,21,41,67,118,160,200,57,60,58,28,25,22,27,26,20,26,20,21,35,83,77,65,57,200,69,82,27,23,20,27,23,20,26,19,18,38,90,80,69,60,69,200,75,27,24,21,31,28,19,29,23,21,36,95,80,69,58,82,75,200,25,21,19,30,27,20,26,20,18,26,29,34,28,28,27,27,25,200,27,24,24,22,22,27,24,23,24,26,35,25,25,23,24,21,27,200,98,97,21,105,102,103,100,20,24,32,22,22,20,21,19,24,98,200,116,22,109,106,111,113,24,34,42,28,27,27,31,30,24,97,116,200,25,121,151,161,135,22,28,28,26,26,23,28,27,22,21,22,25,200,18,25,22,22,19,25,32,20,20,20,19,20,22,105,109,121,18,200,119,125,125,24,32,40,27,26,26,29,26,27,102,106,151,25,119,200,153,128,20,25,33,20,20,19,23,20,24,103,111,161,22,125,153,200,129,20,22,31,21,21,18,21,18,23,100,113,135,22,125,128,129,200
200,88,65,46,45,40,42,40,25,28,22,27,22,21,28,22,19,88,200,124,88,73,91,95,100,26,31,25,35,27,26,35,27,20,65,124,200,134,121,86,89,89,30,36,30,40,27,31,40,32,26,46,88,134,200,164,76,79,78,25,30,23,30,25,21,30,22,19,45,73,121,164,200,64,66,63,25,30,23,29,25,22,29,22,19,40,91,86,76,64,200,75,92,25,29,23,28,23,23,30,22,18,42,95,89,79,66,75,200,82,24,29,23,33,27,23,34,26,20,40,100,89,78,63,92,82,200,22,26,21,30,25,22,30,23,17,25,26,30,25,25,25,24,22,200,26,22,23,19,21,25,24,21,28,31,36,30,30,29,29,26,26,200,97,100,23,104,103,103,92,22,25,30,23,23,23,23,21,22,97,200,119,22,113,107,112,108,27,35,40,30,29,28,33,30,23,100,119,200,25,124,150,158,130,22,27,27,25,25,23,27,25,19,23,22,25,200,20,24,23,21,21,26,31,21,22,23,23,22,21,104,113,124,20,200,124,129,124,28,35,40,30,29,30,34,30,25,103,107,150,24,124,200,153,120,22,27,32,22,22,22,26,23,24,103,112,158,23,129,153,200,122,19,20,26,19,19,18,20,17,21,92,108,130,21,124,120,122,200
200,87,66,44,41,40,41,38,26,29,24,27,28,22,28,24,24,87,200,124,88,70,91,93,97,27,34,30,38,37,29,38,31,32,66,124,200,131,116,83,89,83,32,40,36,43,36,35,43,36,37,44,88,131,200,163,77,78,74,26,33,26,32,34,25,33,27,30,41,70,116,163,200,62,63,59,26,32,25,31,31,25,32,26,28,40,91,83,77,62,200,77,87,26,32,26,32,33,26,33,26,27,41,93,89,78,63,77,200,80,26,32,28,35,38,25,37,29,31,38,97,83,74,59,87,80,200,22,29,24,32,35,24,31,25,26,26,27,32,26,26,26,26,22,200,27,22,24,21,21,26,25,24,29,34,40,33,32,32,32,29,27,200,89,93,29,98,98,100,97,24,30,36,26,25,26,28,24,22,89,200,116,26,113,109,111,116,27,38,43,32,31,32,35,32,24,93,116,200,31,128,155,167,145,28,37,36,34,31,33,38,35,21,29,26,31,200,23,31,28,30,22,29,35,25,25,26,25,24,21,98,113,128,23,200,125,129,130,28,38,43,33,32,33,37,31,26,98,109,155,31,125,200,156,135,24,31,36,27,26,26,29,25,25,100,111,167,28,129,156,200,142,24,32,37,30,28,27,31,26,24,97,116,145,30,130,135,142,200
200,88,67,46,44,42,43,40,26,29,25,29,29,21,28,25,24,88,200,127,88,68,91,90,98,28,32,29,38,38,28,36,31,31,67,127,200,132,117,86,86,84,32,39,36,44,36,35,43,37,37,46,88,132,200,162,75,73,74,27,31,26,32,34,22,31,27,29,44,68,117,162,200,62,61,59,27,30,26,31,32,23,30,26,27,42,91,86,75,62,200,71,89,27,29,26,32,33,25,32,26,26,43,90,86,73,61,71,200,77,27,30,27,35,39,23,35,30,30,40,98,84,74,59,89,77,200,23,27,24,32,35,22,29,25,25,26,28,32,27,27,27,27,23,200,26,22,24,22,20,25,25,23,29,32,39,31,30,29,30,27,26,200,90,96,27,97,97,103,95,25,29,36,26,26,26,27,24,22,90,200,112,26,110,108,111,115,29,38,44,32,31,32,35,32,24,96,112,200,32,122,156,166,141,29,38,36,34,32,33,39,35,22,27,26,32,200,22,31,29,29,21,28,35,22,23,25,23,22,20,97,110,122,22,200,125,126,129,28,36,43,31,30,32,35,29,25,97,108,156,31,125,200,158,139,25,31,37,27,26,26,30,25,25,103,111,166,29,126,158,200,138,24,31,37,29,27,26,30,25,23,95,115,141,29,129,139,138,200
200,91,66,47,45,44,45,41,27,28,24,27,29,22,27,25,26,91,200,124,88,67,92,93,99,29,33,28,36,38,28,35,30,30,66,124,200,135,117,88,87,85,33,40,35,43,36,35,43,37,37,47,88,135,200,162,74,77,74,28,31,25,30,33,22,30,26,28,45,67,117,162,200,61,61,58,28,30,25,29,31,23,29,26,26,44,92,88,74,61,200,74,88,28,30,24,30,32,25,31,25,26,45,93,87,77,61,74,200,79,28,30,26,33,38,23,34,29,30,41,99,85,74,58,88,79,200,24,28,23,31,35,23,30,25,25,27,29,33,28,28,28,28,24,200,26,22,23,23,20,24,25,24,28,33,40,31,30,30,30,28,26,200,88,95,27,97,96,102,95,24,28,35,25,25,24,26,23,22,88,200,115,26,110,107,111,115,27,36,43,30,29,30,33,31,23,95,115,200,29,125,158,166,140,29,38,36,33,31,32,38,35,23,27,26,29,200,21,30,28,29,22,28,35,22,23,25,23,23,20,97,110,125,21,200,122,125,130,27,35,43,30,29,31,34,30,24,96,107,158,30,122,200,157,136,25,30,37,26,26,25,29,25,25,102,111,166,28,125,157,200,136,26,30,37,28,26,26,30,25,24,95,115,140,29,130,136,136,200
